Sample	0	1	2	3	4	5	6	7	8	9	10	11	12	13	14	15
C1-RNA-BS-030325_S44_L001_R1	(1.0, 17.9608097224915)	(2.0, 9.26629354668497)	(3.0, 5.619780526092797)	(4.0, 3.703523015685494)	(5.0, 2.811541518743711)	(6.0, 2.24840029709601)	(7.0, 1.8666117248764036)	(8.0, 1.572904228644581)	(9.0, 1.4447978490048403)	('>10', 18.00604456611972)	('>50', 5.721708749722435)	('>100', 10.51052052639018)	('>500', 4.287594482190027)	('>1k', 7.75408672319239)	('>5k', 1.9475226586971564)	('>10k+', 5.277859864367921)
C1-RNA-BS-030325_S44_L001_R1_001	(1.0, 18.120710281339502)	(2.0, 9.170671992885202)	(3.0, 5.590737848394622)	(4.0, 3.658000928568765)	(5.0, 2.7944321542485846)	(6.0, 2.236158742763428)	(7.0, 1.8697716890314346)	(8.0, 1.5582259059327015)	(9.0, 1.445201895230097)	('>10', 17.90993147780212)	('>50', 5.675815423718188)	('>100', 10.497611107189282)	('>500', 4.282352683915721)	('>1k', 7.725682080391609)	('>5k', 1.9688701877624615)	('>10k+', 5.4958256008261905)
C1-RNA-BS-030325_S44_L001_R2	(1.0, 21.217193593508686)	(2.0, 10.685986312599455)	(3.0, 6.439410543675415)	(4.0, 4.273346401238486)	(5.0, 3.208839133952795)	(6.0, 2.4455698099099497)	(7.0, 2.1088879544122765)	(8.0, 1.7248462592685592)	(9.0, 1.4527049534804362)	('>10', 16.386864124335286)	('>50', 4.596724631808514)	('>100', 10.180624232060149)	('>500', 3.839278763097139)	('>1k', 5.64239983025701)	('>5k', 1.102916921207753)	('>10k+', 4.694406535188076)
C1-RNA-BS-030325_S44_L001_R2_001	(1.0, 21.88003044863491)	(2.0, 10.55008370361732)	(3.0, 6.335119088281618)	(4.0, 4.195663417349715)	(5.0, 3.1629738263751475)	(6.0, 2.439981598340239)	(7.0, 2.059497860673591)	(8.0, 1.693884374508083)	(9.0, 1.42972819152036)	('>10', 16.225649797839925)	('>50', 4.547823326336537)	('>100', 10.032694475116925)	('>500', 3.808086869546478)	('>1k', 5.618516042590309)	('>5k', 1.0930684885635402)	('>10k+', 4.927198490705289)
C2-RNA-BS-030325_S45_L001_R1	(1.0, 20.97176655451544)	(2.0, 11.067752757203998)	(3.0, 6.457820984240725)	(4.0, 4.089519206420969)	(5.0, 2.9591876834157835)	(6.0, 2.3106912842639664)	(7.0, 1.844615519837417)	(8.0, 1.6043760774708482)	(9.0, 1.4647359919840575)	('>10', 16.935660243508018)	('>50', 4.901825928870411)	('>100', 9.670527711676002)	('>500', 3.9555992991604816)	('>1k', 6.559713812518568)	('>5k', 1.452655991868217)	('>10k+', 3.7535509530450555)
C2-RNA-BS-030325_S45_L001_R1_001	(1.0, 21.05690413514564)	(2.0, 10.98559870069045)	(3.0, 6.402566128628949)	(4.0, 4.06099699997263)	(5.0, 2.941868951488445)	(6.0, 2.299905426321207)	(7.0, 1.8504712128309557)	(8.0, 1.5762377216637924)	(9.0, 1.445243922379259)	('>10', 16.92091695970021)	('>50', 4.914812675158438)	('>100', 9.653001795958053)	('>500', 3.947046562836253)	('>1k', 6.589489534354687)	('>5k', 1.4955787111075682)	('>10k+', 3.859360561763525)
C2-RNA-BS-030325_S45_L001_R2	(1.0, 24.02528672324079)	(2.0, 11.890944893505381)	(3.0, 6.955526055588527)	(4.0, 4.579886905253594)	(5.0, 3.1727633841213096)	(6.0, 2.544301894279085)	(7.0, 1.924182712015033)	(8.0, 1.7372551934611853)	(9.0, 1.478304770354208)	('>10', 15.328668058205555)	('>50', 4.364468511155822)	('>100', 9.426037043634539)	('>500', 3.354928758977551)	('>1k', 4.7940714830791915)	('>5k', 1.1245633575423304)	('>10k+', 3.298810255585854)
C2-RNA-BS-030325_S45_L001_R2_001	(1.0, 24.817341335777517)	(2.0, 11.752393598729673)	(3.0, 6.838456777550797)	(4.0, 4.520133325798936)	(5.0, 3.11489904163796)	(6.0, 2.502311438529314)	(7.0, 1.894596558215618)	(8.0, 1.7129452420551103)	(9.0, 1.4601951898212586)	('>10', 15.10062222179489)	('>50', 4.303440730905034)	('>100', 9.295529882592255)	('>500', 3.322452158593181)	('>1k', 4.748120175834961)	('>5k', 1.0804889012938599)	('>10k+', 3.5360734208696987)
C3-RNA-BS-030325_S46_L001_R1	(1.0, 23.58851388584592)	(2.0, 11.895669348352971)	(3.0, 6.506626949399104)	(4.0, 4.150824424705146)	(5.0, 2.8837216618820714)	(6.0, 2.324586075938796)	(7.0, 1.8432298574521937)	(8.0, 1.6487378779051167)	(9.0, 1.3719122580449963)	('>10', 16.191434785063347)	('>50', 4.598790640503923)	('>100', 9.015179717656412)	('>500', 3.5903009265280663)	('>1k', 5.922698657673288)	('>5k', 1.2986963455806657)	('>10k+', 3.1690765874677305)
C3-RNA-BS-030325_S46_L001_R1_001	(1.0, 23.76223036974553)	(2.0, 11.842847902654675)	(3.0, 6.4626244807731865)	(4.0, 4.112468670453059)	(5.0, 2.884610469914734)	(6.0, 2.294351666665668)	(7.0, 1.8434798788592393)	(8.0, 1.6368426798751223)	(9.0, 1.394032067146161)	('>10', 16.110489794228712)	('>50', 4.545991715468096)	('>100', 9.02272464546851)	('>500', 3.5922334027243927)	('>1k', 5.872200574422369)	('>5k', 1.2933284957466322)	('>10k+', 3.329543185854155)
C3-RNA-BS-030325_S46_L001_R2	(1.0, 27.33776311148542)	(2.0, 12.762800163493548)	(3.0, 7.046345564560487)	(4.0, 4.382050845312096)	(5.0, 3.0569600358762283)	(6.0, 2.4322248354902034)	(7.0, 1.8920761263757362)	(8.0, 1.6448801650932887)	(9.0, 1.43932380883983)	('>10', 14.196733297029759)	('>50', 4.039941903635412)	('>100', 8.911316994311592)	('>500', 3.012267300045179)	('>1k', 4.023876039159633)	('>5k', 1.0909559630471213)	('>10k+', 2.7304838462445855)
C3-RNA-BS-030325_S46_L001_R2_001	(1.0, 28.210297743784658)	(2.0, 12.556847651843292)	(3.0, 6.935279310538807)	(4.0, 4.327067140346654)	(5.0, 3.005922757135338)	(6.0, 2.3880642637330496)	(7.0, 1.865609777123587)	(8.0, 1.6380252007732248)	(9.0, 1.4054444731947382)	('>10', 13.985034637447189)	('>50', 3.9866217864769)	('>100', 8.772517326990119)	('>500', 2.962183323535)	('>1k', 3.9888791667194696)	('>5k', 1.0788224143738159)	('>10k+', 2.893383025983955)
F1-RNA-BS-030325_S47_L001_R1	(1.0, 22.64272069204494)	(2.0, 11.647767704691494)	(3.0, 6.615855285252854)	(4.0, 4.194387525763635)	(5.0, 2.908627258374246)	(6.0, 2.1856978237496874)	(7.0, 1.8524762211437908)	(8.0, 1.5654917534675628)	(9.0, 1.352344059782066)	('>10', 15.852520285413174)	('>50', 4.744176957315878)	('>100', 9.449681829400621)	('>500', 3.6507511739232794)	('>1k', 5.908132025472548)	('>5k', 1.2571529207668166)	('>10k+', 4.172216483437637)
F1-RNA-BS-030325_S47_L001_R1_001	(1.0, 22.72215098008959)	(2.0, 11.55139394182964)	(3.0, 6.54190243465341)	(4.0, 4.183689589502827)	(5.0, 2.905992201760233)	(6.0, 2.172811208183096)	(7.0, 1.8326632910106677)	(8.0, 1.5642502935557314)	(9.0, 1.3413373234540453)	('>10', 15.758271263459935)	('>50', 4.727114459454092)	('>100', 9.42706449484407)	('>500', 3.656817306045227)	('>1k', 5.917393286580513)	('>5k', 1.2775301793590768)	('>10k+', 4.419617746217941)
F1-RNA-BS-030325_S47_L001_R2	(1.0, 25.576168176872276)	(2.0, 12.596845147234106)	(3.0, 7.165370270112054)	(4.0, 4.493934803159741)	(5.0, 3.191124771553834)	(6.0, 2.4163064133069674)	(7.0, 1.8256868911366992)	(8.0, 1.5108992220071666)	(9.0, 1.2943623876745403)	('>10', 14.564535425664069)	('>50', 4.25720027097066)	('>100', 9.163535829501555)	('>500', 3.045238776933651)	('>1k', 4.243623060734906)	('>5k', 0.8704626906512537)	('>10k+', 3.7847058624862213)
F1-RNA-BS-030325_S47_L001_R2_001	(1.0, 26.288339320890476)	(2.0, 12.38238292405552)	(3.0, 7.092773581264438)	(4.0, 4.419549039988347)	(5.0, 3.1188235774237523)	(6.0, 2.358408566444564)	(7.0, 1.8259502788769482)	(8.0, 1.4914210576919888)	(9.0, 1.2902289808597442)	('>10', 14.317911385452952)	('>50', 4.209094851378869)	('>100', 9.018625427582412)	('>500', 3.0090841397103647)	('>1k', 4.20206950705816)	('>5k', 0.8550481166717434)	('>10k+', 4.120289244649502)
F2-RNA-BS-030325_S48_L001_R1	(1.0, 20.209594778013194)	(2.0, 10.629550523392032)	(3.0, 6.277569696613275)	(4.0, 3.9635389799707017)	(5.0, 2.853651140474287)	(6.0, 2.218409327757435)	(7.0, 1.8562510691172942)	(8.0, 1.6277069935525836)	(9.0, 1.4242266302586466)	('>10', 17.236561947633618)	('>50', 5.148345752472959)	('>100', 10.092442480988964)	('>500', 3.7868479040459806)	('>1k', 6.684158432871547)	('>5k', 1.417815410231263)	('>10k+', 4.573328932606374)
F2-RNA-BS-030325_S48_L001_R1_001	(1.0, 20.332447836652154)	(2.0, 10.521616901044432)	(3.0, 6.293536584017066)	(4.0, 3.944638500927226)	(5.0, 2.829041133464425)	(6.0, 2.2025029294035776)	(7.0, 1.8121234518841334)	(8.0, 1.6509838578523686)	(9.0, 1.4036960497575666)	('>10', 17.170612559409225)	('>50', 5.107006806344152)	('>100', 9.995224777685427)	('>500', 3.798574454423225)	('>1k', 6.688174027562263)	('>5k', 1.4265884107205673)	('>10k+', 4.823231718852182)
F2-RNA-BS-030325_S48_L001_R2	(1.0, 23.473902521671118)	(2.0, 11.648678732919588)	(3.0, 6.690843277597142)	(4.0, 4.378040574635628)	(5.0, 3.1583776571233577)	(6.0, 2.3751159462306)	(7.0, 1.993554188819772)	(8.0, 1.6226553983363585)	(9.0, 1.4244416967643923)	('>10', 15.822681054888196)	('>50', 4.693707238527294)	('>100', 9.590553256134084)	('>500', 3.3343039285342853)	('>1k', 4.716299032648108)	('>5k', 0.9156942528770364)	('>10k+', 4.16115124229281)
F2-RNA-BS-030325_S48_L001_R2_001	(1.0, 24.419720469255125)	(2.0, 11.451449579320572)	(3.0, 6.580345926164334)	(4.0, 4.302520839311697)	(5.0, 3.0977746538762356)	(6.0, 2.328243550041576)	(7.0, 1.97239154823678)	(8.0, 1.5798133711892919)	(9.0, 1.38083455847443)	('>10', 15.567072013362571)	('>50', 4.612617438186209)	('>100', 9.400361093878482)	('>500', 3.2670645848290563)	('>1k', 4.658337245770696)	('>5k', 0.886811704763476)	('>10k+', 4.4946414233394405)
F3-RNA-BS-030325_S49_L001_R1	(1.0, 22.033904409907127)	(2.0, 11.358186514217996)	(3.0, 6.441276031611228)	(4.0, 3.9683745801487937)	(5.0, 2.9457279866194375)	(6.0, 2.342208762574866)	(7.0, 1.8661914273334597)	(8.0, 1.5973102002121486)	(9.0, 1.3389890621273333)	('>10', 16.64873507831451)	('>50', 4.9943918491215475)	('>100', 9.68007394249766)	('>500', 3.8275963808739966)	('>1k', 6.1698536274012366)	('>5k', 1.179089892902903)	('>10k+', 3.6080902541356945)
F3-RNA-BS-030325_S49_L001_R1_001	(1.0, 22.135243186457043)	(2.0, 11.270915574643196)	(3.0, 6.412890692125789)	(4.0, 3.9562704345962167)	(5.0, 2.9167029207961193)	(6.0, 2.3498080124739387)	(7.0, 1.8708785126455723)	(8.0, 1.6005689029613492)	(9.0, 1.3158558847661512)	('>10', 16.59563208533383)	('>50', 4.961603655370407)	('>100', 9.626413624617792)	('>500', 3.8275117854757386)	('>1k', 6.175540775382539)	('>5k', 1.2316651221571182)	('>10k+', 3.75249883019731)
F3-RNA-BS-030325_S49_L001_R2	(1.0, 25.347370846874956)	(2.0, 12.524814538969029)	(3.0, 6.964691067515464)	(4.0, 4.394830378156694)	(5.0, 3.105029669637391)	(6.0, 2.3867309655105187)	(7.0, 1.965455939459013)	(8.0, 1.6295327291017099)	(9.0, 1.40598835148737)	('>10', 15.031526189086017)	('>50', 4.446379058821981)	('>100', 9.394507017128122)	('>500', 3.1299247992448738)	('>1k', 4.160710991100058)	('>5k', 0.8805326787041928)	('>10k+', 3.231974779202943)
F3-RNA-BS-030325_S49_L001_R2_001	(1.0, 26.052431657696673)	(2.0, 12.347394764363862)	(3.0, 6.857798492805528)	(4.0, 4.355951059697935)	(5.0, 3.0514628199061136)	(6.0, 2.3537568578369794)	(7.0, 1.9467990803392379)	(8.0, 1.619866377568128)	(9.0, 1.3830281058485245)	('>10', 14.859648106685933)	('>50', 4.385580983134192)	('>100', 9.255370297689137)	('>500', 3.0917718022278193)	('>1k', 4.129813060770328)	('>5k', 0.8743062442098567)	('>10k+', 3.435020289219648)
F4-RNA-BS-030325_S50_L001_R1	(1.0, 23.12943123486246)	(2.0, 11.730682345507725)	(3.0, 6.602076937784335)	(4.0, 4.186741660189039)	(5.0, 2.9252569597815894)	(6.0, 2.213389465656524)	(7.0, 1.8613836300370261)	(8.0, 1.5574111271739919)	(9.0, 1.3924280746945412)	('>10', 16.525905746276653)	('>50', 4.857496182888608)	('>100', 9.269373863781453)	('>500', 3.5224191784476937)	('>1k', 5.796799226113519)	('>5k', 1.1526700304883601)	('>10k+', 3.2765343363164736)
F4-RNA-BS-030325_S50_L001_R1_001	(1.0, 23.19211056462703)	(2.0, 11.683431829965311)	(3.0, 6.584608010044684)	(4.0, 4.146426746615772)	(5.0, 2.9382189651614286)	(6.0, 2.214376565810909)	(7.0, 1.86245679005733)	(8.0, 1.5550789239090506)	(9.0, 1.3779126910665147)	('>10', 16.49187196181864)	('>50', 4.8308867492066785)	('>100', 9.25664423901385)	('>500', 3.5320847673262685)	('>1k', 5.813813154470294)	('>5k', 1.1717298693638147)	('>10k+', 3.3483481715426615)
F4-RNA-BS-030325_S50_L001_R2	(1.0, 26.5569180486994)	(2.0, 12.767729389182087)	(3.0, 7.089983797128076)	(4.0, 4.4873995741658135)	(5.0, 3.178085431332546)	(6.0, 2.477063965884658)	(7.0, 1.8715267738686285)	(8.0, 1.6073475230440795)	(9.0, 1.3650944963060685)	('>10', 14.819972984812912)	('>50', 4.205247845263943)	('>100', 8.962758496328046)	('>500', 2.997963312857097)	('>1k', 3.8915222928700115)	('>5k', 0.9728586920332757)	('>10k+', 2.7485273762231652)
F4-RNA-BS-030325_S50_L001_R2_001	(1.0, 27.289639502064645)	(2.0, 12.558503542785292)	(3.0, 7.001999869089663)	(4.0, 4.44176338426376)	(5.0, 3.1065973549788612)	(6.0, 2.4289283975848943)	(7.0, 1.8827281304733716)	(8.0, 1.5979142416110381)	(9.0, 1.3349860478030835)	('>10', 14.657795442442431)	('>50', 4.152976251080868)	('>100', 8.815825339438375)	('>500', 2.9899142650947685)	('>1k', 3.8629942711764444)	('>5k', 0.9610557743558108)	('>10k+', 2.9163781857569506)
L1-RNA-BS-030325_S57_L001_R1	(1.0, 23.25269019141767)	(2.0, 12.1738576683856)	(3.0, 6.939503460379154)	(4.0, 4.331126203261904)	(5.0, 3.0139366250940482)	(6.0, 2.270512369904859)	(7.0, 1.8979355868491345)	(8.0, 1.5548125638693762)	(9.0, 1.340854250807894)	('>10', 15.564912886958417)	('>50', 4.460789270250593)	('>100', 8.808893523699334)	('>500', 3.2255031454360186)	('>1k', 5.1525953440351175)	('>5k', 1.1857458533582925)	('>10k+', 4.826331056292487)
L1-RNA-BS-030325_S57_L001_R1_001	(1.0, 23.366192496792802)	(2.0, 12.091397018777759)	(3.0, 6.891114133347158)	(4.0, 4.292922364690381)	(5.0, 2.992035704842421)	(6.0, 2.2792558856913065)	(7.0, 1.904328685162424)	(8.0, 1.5346330400345287)	(9.0, 1.3303096853024534)	('>10', 15.508871169313435)	('>50', 4.483900539134191)	('>100', 8.82768947989621)	('>500', 3.199971301674269)	('>1k', 5.187754176249322)	('>5k', 1.1331936783575467)	('>10k+', 4.976430640733772)
L1-RNA-BS-030325_S57_L001_R2	(1.0, 26.929583468795055)	(2.0, 13.133278368315713)	(3.0, 7.4222201562692005)	(4.0, 4.572055760922118)	(5.0, 3.1579018473009466)	(6.0, 2.3585426053427123)	(7.0, 1.8208808822644467)	(8.0, 1.561805989252174)	(9.0, 1.2994925999021811)	('>10', 14.11672612081183)	('>50', 3.9933078465999534)	('>100', 8.10888536744514)	('>500', 2.6752265786375418)	('>1k', 3.741706496932477)	('>5k', 0.6787375666458882)	('>10k+', 4.429648344562562)
L1-RNA-BS-030325_S57_L001_R2_001	(1.0, 27.652531006415465)	(2.0, 12.929791552918873)	(3.0, 7.34402669993824)	(4.0, 4.484355997093533)	(5.0, 3.1537460559560992)	(6.0, 2.3180453760553363)	(7.0, 1.8044411226138626)	(8.0, 1.53290729662502)	(9.0, 1.2848697197940253)	('>10', 13.922612844257081)	('>50', 3.96018831705549)	('>100', 7.994310611263302)	('>500', 2.656847204448491)	('>1k', 3.676363477998606)	('>5k', 0.6858042665519858)	('>10k+', 4.599158451015125)
L2-RNA-BS-030325_S58_L001_R1	(1.0, 22.647800158198827)	(2.0, 11.57094422877994)	(3.0, 6.49069666453642)	(4.0, 4.174884955671756)	(5.0, 3.0740698062252365)	(6.0, 2.3603216077438662)	(7.0, 1.842489420917661)	(8.0, 1.5998963573669027)	(9.0, 1.3429820941242359)	('>10', 16.293688912228312)	('>50', 4.702011900484165)	('>100', 9.140463439183096)	('>500', 3.3854370843033075)	('>1k', 5.050951226914733)	('>5k', 1.2484550212923766)	('>10k+', 5.074907122029254)
L2-RNA-BS-030325_S58_L001_R1_001	(1.0, 22.72678398823001)	(2.0, 11.46868955188896)	(3.0, 6.4548784315162795)	(4.0, 4.163565344743894)	(5.0, 3.0490449189612816)	(6.0, 2.3694615463246267)	(7.0, 1.8328239845355618)	(8.0, 1.6059107891460793)	(9.0, 1.3306081367594607)	('>10', 16.216404994984213)	('>50', 4.705279849328133)	('>100', 9.084750654339608)	('>500', 3.4173218615305383)	('>1k', 5.079099334958472)	('>5k', 1.254481355947219)	('>10k+', 5.240895256805728)
L2-RNA-BS-030325_S58_L001_R2	(1.0, 25.762223212252273)	(2.0, 12.632094902987992)	(3.0, 7.088140339304072)	(4.0, 4.584286113651912)	(5.0, 3.135455137186231)	(6.0, 2.4388119876650656)	(7.0, 2.002913268269991)	(8.0, 1.6582035137551712)	(9.0, 1.4164825528359353)	('>10', 14.513860035225571)	('>50', 4.154936596251591)	('>100', 8.572361929684648)	('>500', 2.7445803499539836)	('>1k', 3.6766471147231874)	('>5k', 0.8703715154129787)	('>10k+', 4.748631430839401)
L2-RNA-BS-030325_S58_L001_R2_001	(1.0, 26.40586673850543)	(2.0, 12.479888008715985)	(3.0, 6.989873703982568)	(4.0, 4.513727394543467)	(5.0, 3.1287761973482238)	(6.0, 2.3957753413578713)	(7.0, 1.9688803651686009)	(8.0, 1.627873139410104)	(9.0, 1.3871558609558026)	('>10', 14.357232327151356)	('>50', 4.0920565000352465)	('>100', 8.462731409886487)	('>500', 2.723982867049971)	('>1k', 3.6560056722363803)	('>5k', 0.8206287014244079)	('>10k+', 4.9895457722279675)
L3-RNA-BS-030325_S59_L001_R1	(1.0, 22.29328758178437)	(2.0, 11.741448474124148)	(3.0, 6.74531909933603)	(4.0, 4.136990527852878)	(5.0, 2.965513710879529)	(6.0, 2.2517148518494916)	(7.0, 1.8153638778977355)	(8.0, 1.5227943104894748)	(9.0, 1.3499323371341294)	('>10', 15.470810035207386)	('>50', 4.535918352811109)	('>100', 9.004401790019102)	('>500', 3.535168089908726)	('>1k', 5.7871169755717595)	('>5k', 1.3773744581815355)	('>10k+', 5.4668455269527305)
L3-RNA-BS-030325_S59_L001_R1_001	(1.0, 22.4243605458609)	(2.0, 11.681755388629805)	(3.0, 6.703560363133963)	(4.0, 4.140088229983491)	(5.0, 2.932838559627472)	(6.0, 2.23197565326548)	(7.0, 1.8059351937241532)	(8.0, 1.5210987662542514)	(9.0, 1.3593206833833555)	('>10', 15.431310826081498)	('>50', 4.529733273025912)	('>100', 8.94639138427102)	('>500', 3.490547528942651)	('>1k', 5.8153732363169075)	('>5k', 1.4006712563057548)	('>10k+', 5.585039111193561)
L3-RNA-BS-030325_S59_L001_R2	(1.0, 25.924620716622837)	(2.0, 12.673170205259426)	(3.0, 6.973163832031333)	(4.0, 4.386874945467635)	(5.0, 3.034985021045011)	(6.0, 2.4079985445809164)	(7.0, 1.8789432528707855)	(8.0, 1.5406933466893944)	(9.0, 1.2864242505643473)	('>10', 13.973836960416774)	('>50', 4.0550962530384655)	('>100', 8.544457427849053)	('>500', 3.0079673875243658)	('>1k', 4.4224649650594055)	('>5k', 0.9477307911046805)	('>10k+', 4.941572099875597)
L3-RNA-BS-030325_S59_L001_R2_001	(1.0, 26.689813684442882)	(2.0, 12.50364539819689)	(3.0, 6.858264026152685)	(4.0, 4.345402102596172)	(5.0, 2.982883913768296)	(6.0, 2.370568721826275)	(7.0, 1.8614770282144488)	(8.0, 1.524922913704521)	(9.0, 1.2776072043568087)	('>10', 13.779745519035224)	('>50', 3.995075137913457)	('>100', 8.422019047671302)	('>500', 2.9792461970129707)	('>1k', 4.350763150840172)	('>5k', 0.9224793240900981)	('>10k+', 5.136086630177632)
P1-RNA-BS-030325_S54_L001_R1	(1.0, 22.041354465404968)	(2.0, 11.548932632951994)	(3.0, 6.542318483706302)	(4.0, 4.13010740293965)	(5.0, 3.0224081493921284)	(6.0, 2.329931967943473)	(7.0, 1.948461164841527)	(8.0, 1.6138299747080433)	(9.0, 1.4128921347420613)	('>10', 16.659238177897812)	('>50', 4.897930030726731)	('>100', 9.893175995382363)	('>500', 3.7009161403242694)	('>1k', 5.3560444880047084)	('>5k', 1.0943126978491475)	('>10k+', 3.80814609318516)
P1-RNA-BS-030325_S54_L001_R1_001	(1.0, 22.14013021130302)	(2.0, 11.471070530053357)	(3.0, 6.5237687386722945)	(4.0, 4.11228477974962)	(5.0, 3.0001183998772647)	(6.0, 2.307714611997794)	(7.0, 1.9403983032994627)	(8.0, 1.5951052408892337)	(9.0, 1.4106905165736534)	('>10', 16.5934653277647)	('>50', 4.862371118499785)	('>100', 9.870966989710652)	('>500', 3.6708382028701045)	('>1k', 5.385637492503839)	('>5k', 1.1410720163461243)	('>10k+', 3.9743675198891437)
P1-RNA-BS-030325_S54_L001_R2	(1.0, 25.347715435679298)	(2.0, 12.676202668960714)	(3.0, 7.174345544070425)	(4.0, 4.501290486973968)	(5.0, 3.2819604065917773)	(6.0, 2.5133759835502536)	(7.0, 1.9532175348338194)	(8.0, 1.6529024853089502)	(9.0, 1.4191773729330655)	('>10', 14.946293617742617)	('>50', 4.471731994514232)	('>100', 9.270536879854403)	('>500', 2.930342559731614)	('>1k', 3.4963685920732868)	('>5k', 1.113723991985296)	('>10k+', 3.250814445196111)
P1-RNA-BS-030325_S54_L001_R2_001	(1.0, 26.161527960316196)	(2.0, 12.439801672975296)	(3.0, 7.058156825154484)	(4.0, 4.459362601956175)	(5.0, 3.227767008903594)	(6.0, 2.436802644857045)	(7.0, 1.9539438928280517)	(8.0, 1.6282076778831434)	(9.0, 1.400854804742343)	('>10', 14.709683727371662)	('>50', 4.417041593487755)	('>100', 9.122524547586295)	('>500', 2.9149118688867834)	('>1k', 3.431537643683712)	('>5k', 1.0958340902013692)	('>10k+', 3.5420414391658896)
P2-RNA-BS-030325_S2_L001_R1	(1.0, 43.765457075856276)	(2.0, 15.947256249939507)	(3.0, 7.2705752281244225)	(4.0, 4.0420032818454565)	(5.0, 2.627276547391965)	(6.0, 1.755042780959596)	(7.0, 1.3998174244190005)	(8.0, 1.1122240785139357)	(9.0, 0.8865578823089866)	('>10', 9.557078910249732)	('>50', 2.732642809825595)	('>100', 4.718086298966026)	('>500', 0.9996333675666125)	('>1k', 1.3932862562613153)	('>5k', 0.5202158737068254)	('>10k+', 1.272845934064724)
P2-RNA-BS-030325_S2_L001_R1_001	(1.0, 43.5654853143877)	(2.0, 15.776611731514818)	(3.0, 7.196008040897242)	(4.0, 4.01042483702254)	(5.0, 2.5956545563111413)	(6.0, 1.7477140295305993)	(7.0, 1.3780105229443984)	(8.0, 1.101647509362178)	(9.0, 0.864281201891892)	('>10', 9.504708789596133)	('>50', 2.700439094275688)	('>100', 4.713198000335136)	('>500', 1.0065886551252838)	('>1k', 1.3876631364494267)	('>5k', 0.5148233142598699)	('>10k+', 1.936741266096156)
P2-RNA-BS-030325_S2_L001_R2	(1.0, 59.449541742929156)	(2.0, 15.962825823594804)	(3.0, 5.8394770573653325)	(4.0, 2.736985495884897)	(5.0, 1.49557930333131)	(6.0, 0.9871792435186719)	(7.0, 0.7324119510859929)	(8.0, 0.5377843806122724)	(9.0, 0.46475132595091595)	('>10', 4.482988375762131)	('>50', 1.518794897329857)	('>100', 2.419111377875693)	('>500', 0.596053200219149)	('>1k', 1.635036941966119)	('>5k', 1.0441501105820206)	('>10k+', 0.0973287719916101)
P2-RNA-BS-030325_S2_L001_R2_001	(1.0, 59.230004273600926)	(2.0, 15.681207824882287)	(3.0, 5.8016549087112175)	(4.0, 2.693007120345504)	(5.0, 1.489726235899649)	(6.0, 0.9743400763288612)	(7.0, 0.7213250947680143)	(8.0, 0.5338485190934392)	(9.0, 0.4525764979553628)	('>10', 4.449559102387765)	('>50', 1.5028744490269834)	('>100', 2.392233526214123)	('>500', 0.605144199001862)	('>1k', 1.5973736837748946)	('>5k', 1.0266476174858294)	('>10k+', 0.8484768705233299)
P2-RNA-BS-030325_S55_L001_R1	(1.0, 24.6458800263536)	(2.0, 11.976140987781687)	(3.0, 6.77926799251812)	(4.0, 4.289782482586334)	(5.0, 2.948654239567549)	(6.0, 2.351013245145216)	(7.0, 2.00368663740126)	(8.0, 1.5825601496542996)	(9.0, 1.3199051570093314)	('>10', 15.81175402064626)	('>50', 4.622071085467827)	('>100', 9.208219255604297)	('>500', 3.4479935076722112)	('>1k', 4.535527100747993)	('>5k', 0.9749712911403424)	('>10k+', 3.502572820703566)
P2-RNA-BS-030325_S55_L001_R1_001	(1.0, 24.677252541202876)	(2.0, 11.87584014151662)	(3.0, 6.7103941302859775)	(4.0, 4.25344346407461)	(5.0, 2.9297563114093887)	(6.0, 2.3337699144048556)	(7.0, 2.012305526824856)	(8.0, 1.5700335386327746)	(9.0, 1.3167390994895003)	('>10', 15.742487542249547)	('>50', 4.590919444030632)	('>100', 9.168420458744178)	('>500', 3.484882807679242)	('>1k', 4.52110085388156)	('>5k', 0.998198368629494)	('>10k+', 3.814455856943845)
P2-RNA-BS-030325_S55_L001_R2	(1.0, 28.419104171792252)	(2.0, 13.044521024801186)	(3.0, 7.377640922023679)	(4.0, 4.528245794036434)	(5.0, 3.1704306132477806)	(6.0, 2.387827901255496)	(7.0, 1.8591089038247435)	(8.0, 1.5900984101081768)	(9.0, 1.306710552636907)	('>10', 13.933518730251162)	('>50', 4.282881898562178)	('>100', 8.715351574120772)	('>500', 2.53998146720845)	('>1k', 2.817584289796388)	('>5k', 1.2373525870637763)	('>10k+', 2.7896411592707393)
P2-RNA-BS-030325_S55_L001_R2_001	(1.0, 29.11672422579984)	(2.0, 12.795601819230118)	(3.0, 7.25603816129804)	(4.0, 4.448408767623425)	(5.0, 3.127282345487105)	(6.0, 2.3553125730033404)	(7.0, 1.8517898759109055)	(8.0, 1.5531138015793506)	(9.0, 1.2810472860984783)	('>10', 13.714780626266485)	('>50', 4.210618783366906)	('>100', 8.562095010491584)	('>500', 2.5145358558934565)	('>1k', 2.7631416425151203)	('>5k', 1.243806900470744)	('>10k+', 3.205702324965101)
P3-RNA-BS-030325_S56_L001_R1	(1.0, 22.69681458074383)	(2.0, 11.546875225250606)	(3.0, 6.556130094871724)	(4.0, 4.373719732428638)	(5.0, 2.9538738681750116)	(6.0, 2.344026699925316)	(7.0, 1.9935697068807163)	(8.0, 1.6075498538841604)	(9.0, 1.3970895183647758)	('>10', 16.844647392465603)	('>50', 4.8674546854618095)	('>100', 9.59232636822376)	('>500', 3.640797377357647)	('>1k', 5.097783767199632)	('>5k', 1.0114663596848905)	('>10k+', 3.4758747690818894)
P3-RNA-BS-030325_S56_L001_R1_001	(1.0, 22.793630247787142)	(2.0, 11.431702136412133)	(3.0, 6.521428952103473)	(4.0, 4.345596243689306)	(5.0, 2.9423790347900813)	(6.0, 2.337702593648465)	(7.0, 1.9714419048865148)	(8.0, 1.5988719119156447)	(9.0, 1.4102366965254656)	('>10', 16.820161600661496)	('>50', 4.839468376106031)	('>100', 9.526758219280907)	('>500', 3.6396674893190726)	('>1k', 5.104183073640923)	('>5k', 1.0322086503047234)	('>10k+', 3.684562868928581)
P3-RNA-BS-030325_S56_L001_R2	(1.0, 26.238423093639362)	(2.0, 12.794717709451852)	(3.0, 7.315876331703711)	(4.0, 4.5488223791359905)	(5.0, 3.289152241636912)	(6.0, 2.5008784789094642)	(7.0, 1.959300720468415)	(8.0, 1.6406155330955154)	(9.0, 1.3673531531222942)	('>10', 14.902294771991928)	('>50', 4.318256759564889)	('>100', 9.078673978478092)	('>500', 2.869637682746915)	('>1k', 3.187992054799)	('>5k', 1.1677698680044641)	('>10k+', 2.8202352432512297)
P3-RNA-BS-030325_S56_L001_R2_001	(1.0, 26.92485850779463)	(2.0, 12.6182859418874)	(3.0, 7.209786048145076)	(4.0, 4.511625274842037)	(5.0, 3.209253429955197)	(6.0, 2.486660103610111)	(7.0, 1.9431191270109776)	(8.0, 1.6123741180876912)	(9.0, 1.3750870697108515)	('>10', 14.64387940838108)	('>50', 4.2620950578762455)	('>100', 8.922233933130919)	('>500', 2.8203777484803427)	('>1k', 3.1762053059819655)	('>5k', 1.120039193247203)	('>10k+', 3.1641197318583245)
Q1-RNA-BS-030325_S51_L001_R1	(1.0, 23.97715355236208)	(2.0, 11.870454942682775)	(3.0, 6.655027226623002)	(4.0, 4.257399851679349)	(5.0, 3.0171027216337665)	(6.0, 2.296565321127201)	(7.0, 1.8898448777338424)	(8.0, 1.4726570215126653)	(9.0, 1.2443841325474363)	('>10', 15.511779365083827)	('>50', 4.569694887265675)	('>100', 8.999739137193435)	('>500', 3.624144268891853)	('>1k', 5.938616792663459)	('>5k', 1.221465002835179)	('>10k+', 3.453970898164708)
Q1-RNA-BS-030325_S51_L001_R1_001	(1.0, 24.054055875790713)	(2.0, 11.815986584280921)	(3.0, 6.6240863342884895)	(4.0, 4.208249621402848)	(5.0, 3.018180887602921)	(6.0, 2.2999074650353815)	(7.0, 1.8978267142443666)	(8.0, 1.4853125325049947)	(9.0, 1.2224224629082439)	('>10', 15.460947982557169)	('>50', 4.565349058080803)	('>100', 8.939255688313835)	('>500', 3.607243893413855)	('>1k', 5.989487985902916)	('>5k', 1.240392706805866)	('>10k+', 3.5712942068666162)
Q1-RNA-BS-030325_S51_L001_R2	(1.0, 27.69428088300584)	(2.0, 12.967150590541902)	(3.0, 7.11494737315406)	(4.0, 4.419716301793062)	(5.0, 3.1381243187686083)	(6.0, 2.3482940551771447)	(7.0, 1.8414403010407394)	(8.0, 1.5414066449606045)	(9.0, 1.2864804537636196)	('>10', 13.587445928501587)	('>50', 3.9384037523362627)	('>100', 8.9283022185466)	('>500', 3.117303779288467)	('>1k', 4.132615812936447)	('>5k', 0.9245550050382121)	('>10k+', 3.0195325811469695)
Q1-RNA-BS-030325_S51_L001_R2_001	(1.0, 28.37560011400783)	(2.0, 12.768545092369404)	(3.0, 7.014193324014979)	(4.0, 4.354038436684143)	(5.0, 3.1096019544059517)	(6.0, 2.3049385428440767)	(7.0, 1.829607119718217)	(8.0, 1.5413517510484338)	(9.0, 1.2435222223704328)	('>10', 13.45053674080784)	('>50', 3.895514340847249)	('>100', 8.787175616161809)	('>500', 3.0843927969740164)	('>1k', 4.107222184273896)	('>5k', 0.8797479226404779)	('>10k+', 3.2540118408313097)
Q2-RNA-BS-030325_S52_L001_R1	(1.0, 21.744948219061136)	(2.0, 11.352145499922282)	(3.0, 6.57521904853209)	(4.0, 4.1893603158722215)	(5.0, 2.9883800298289955)	(6.0, 2.3921136563394074)	(7.0, 1.8785070631505678)	(8.0, 1.6389121693486726)	(9.0, 1.3465692378419807)	('>10', 16.356158323822815)	('>50', 4.822781255321052)	('>100', 9.723060426472268)	('>500', 3.9163932553536807)	('>1k', 6.140879721652399)	('>5k', 1.207254832097805)	('>10k+', 3.7273169453827943)
Q2-RNA-BS-030325_S52_L001_R1_001	(1.0, 21.842335204498283)	(2.0, 11.30733567350136)	(3.0, 6.489762473308315)	(4.0, 4.171627562841537)	(5.0, 3.010541844982266)	(6.0, 2.3544131948555562)	(7.0, 1.8955977303125104)	(8.0, 1.6110428604253397)	(9.0, 1.3683721857316755)	('>10', 16.298045094609606)	('>50', 4.814159395369626)	('>100', 9.67664227343586)	('>500', 3.8980579167036087)	('>1k', 6.20000664093157)	('>5k', 1.2190961782828735)	('>10k+', 3.842963770209934)
Q2-RNA-BS-030325_S52_L001_R2	(1.0, 25.187204578148485)	(2.0, 12.398198963237204)	(3.0, 7.126191098089254)	(4.0, 4.5269401291687466)	(5.0, 3.263322479721795)	(6.0, 2.4335982316251314)	(7.0, 1.932910220648595)	(8.0, 1.6390751446611733)	(9.0, 1.3912704164774683)	('>10', 14.619984747636428)	('>50', 4.283956322084968)	('>100', 9.52725722310249)	('>500', 3.3055517165751858)	('>1k', 4.1075445750489505)	('>5k', 0.9667831344498692)	('>10k+', 3.290211019324342)
Q2-RNA-BS-030325_S52_L001_R2_001	(1.0, 26.00451861473836)	(2.0, 12.209497933153452)	(3.0, 7.028296877774401)	(4.0, 4.439009372257444)	(5.0, 3.210633869093588)	(6.0, 2.4029885662035464)	(7.0, 1.9120453656227956)	(8.0, 1.6023611511229658)	(9.0, 1.391645294193855)	('>10', 14.400150323053456)	('>50', 4.236866365103355)	('>100', 9.34646245238175)	('>500', 3.2912672480033143)	('>1k', 4.047569098608579)	('>5k', 0.9720127084824313)	('>10k+', 3.504674760206693)
Q3-RNA-BS-030325_S1_L001_R1	(1.0, 45.731648688521645)	(2.0, 16.23183990531495)	(3.0, 7.235745477459156)	(4.0, 3.844979754617248)	(5.0, 2.3888520506019244)	(6.0, 1.6624123392254029)	(7.0, 1.292049938599846)	(8.0, 1.0305749040320074)	(9.0, 0.8154717860363255)	('>10', 8.712001350404268)	('>50', 2.725975279669411)	('>100', 4.477903186342288)	('>500', 1.0517371828193767)	('>1k', 1.2782749689524575)	('>5k', 0.406923186319128)	('>10k+', 1.113610001084561)
Q3-RNA-BS-030325_S1_L001_R1_001	(1.0, 44.70020776032108)	(2.0, 15.845808965546409)	(3.0, 7.02511939443944)	(4.0, 3.74667314972966)	(5.0, 2.345850554118243)	(6.0, 1.6099095127476883)	(7.0, 1.2537564667009145)	(8.0, 1.0141931815299614)	(9.0, 0.7762649507376131)	('>10', 8.48904493911212)	('>50', 2.6329646424026407)	('>100', 4.42277002150581)	('>500', 1.03812699333733)	('>1k', 1.2040087109956252)	('>5k', 0.4348198850721425)	('>10k+', 3.4604808717033317)
Q3-RNA-BS-030325_S1_L001_R2	(1.0, 60.04045407115578)	(2.0, 16.31860260114267)	(3.0, 5.88302825861001)	(4.0, 2.6205330750774047)	(5.0, 1.504476601504414)	(6.0, 0.949724400899904)	(7.0, 0.6919436093711765)	(8.0, 0.5169918997301562)	(9.0, 0.38569584917715277)	('>10', 4.133244510617469)	('>50', 1.4247925987206111)	('>100', 2.4612170990199163)	('>500', 0.6016592341993868)	('>1k', 1.578530312132211)	('>5k', 0.8041812065599415)	('>10k+', 0.08492467208179139)
Q3-RNA-BS-030325_S1_L001_R2_001	(1.0, 59.16752938127521)	(2.0, 15.806695492717502)	(3.0, 5.696900226858392)	(4.0, 2.519933923433189)	(5.0, 1.4716557856135084)	(6.0, 0.9116409291810368)	(7.0, 0.6387905480341685)	(8.0, 0.49634279726899044)	(9.0, 0.3814592197074055)	('>10', 3.870338908063235)	('>50', 1.333129138579118)	('>100', 2.3167203002891337)	('>500', 0.5909843067949063)	('>1k', 1.4878924581084199)	('>5k', 0.7749729804723697)	('>10k+', 2.5350136036033644)
Q3-RNA-BS-030325_S53_L001_R1	(1.0, 27.164122547264185)	(2.0, 13.041478964012013)	(3.0, 7.1383859109005865)	(4.0, 4.269020931178528)	(5.0, 3.0039486885145816)	(6.0, 2.2598390102477075)	(7.0, 1.823862140959525)	(8.0, 1.5341268559517565)	(9.0, 1.3178232518597934)	('>10', 14.055912330882435)	('>50', 4.203497446609318)	('>100', 8.598829603420336)	('>500', 3.228676520572023)	('>1k', 4.431315560411698)	('>5k', 0.9943143767062281)	('>10k+', 2.934845860509168)
Q3-RNA-BS-030325_S53_L001_R1_001	(1.0, 26.901755306774035)	(2.0, 12.840609715951738)	(3.0, 6.987625068809732)	(4.0, 4.221585791347938)	(5.0, 2.959378700275097)	(6.0, 2.243455348686157)	(7.0, 1.802582129785348)	(8.0, 1.5043654699419668)	(9.0, 1.2941974039825808)	('>10', 13.851970207882536)	('>50', 4.141778947841122)	('>100', 8.45676620944463)	('>500', 3.184547864063323)	('>1k', 4.4037970534002016)	('>5k', 0.9777655841643883)	('>10k+', 4.227819197649257)
Q3-RNA-BS-030325_S53_L001_R2	(1.0, 31.132468636086646)	(2.0, 14.107235823990866)	(3.0, 7.516763381317474)	(4.0, 4.533370057399178)	(5.0, 2.976741281421589)	(6.0, 2.245452397074528)	(7.0, 1.7374267663295135)	(8.0, 1.4132865811067754)	(9.0, 1.2333728163109574)	('>10', 12.25169953417477)	('>50', 3.834009390906173)	('>100', 8.19632734973378)	('>500', 2.400691037814016)	('>1k', 2.973447304684165)	('>5k', 1.1779865639655405)	('>10k+', 2.2697210776840073)
Q3-RNA-BS-030325_S53_L001_R2_001	(1.0, 31.443927818478752)	(2.0, 13.714355539794298)	(3.0, 7.305739960436142)	(4.0, 4.396289728492641)	(5.0, 2.903141232877708)	(6.0, 2.166686149190505)	(7.0, 1.70487631724276)	(8.0, 1.3909829759675167)	(9.0, 1.2124008971449856)	('>10', 11.95865287592818)	('>50', 3.7359056885091877)	('>100', 8.007661459474216)	('>500', 2.3383349063864705)	('>1k', 2.9204742733628235)	('>5k', 1.1672391196103042)	('>10k+', 3.6333310571034767)
