Sample	0	1	2	3	4	5	6	7	8	9	10	11	12	13	14	15	16	17	18	19	20	21	22	23	24	25	26	27	28	29	30	31	32	33	34	35	36	37	38
C1-RNA-BS-030325_S44_L001_R1	(21.0, 4.0)	(22.0, 37.0)	(23.0, 185.0)	(24.0, 877.0)	(25.0, 2343.0)	(26.0, 5985.0)	(27.0, 12266.0)	(28.0, 26965.0)	(29.0, 46713.0)	(30.0, 80703.0)	(31.0, 117851.0)	(32.0, 187238.0)	(33.0, 262437.0)	(34.0, 380834.0)	(35.0, 503168.0)	(36.0, 770475.0)	(37.0, 1260371.0)	(38.0, 3827765.0)	(39.0, 26719005.0)	(40.0, 39090772.0)																			
C1-RNA-BS-030325_S44_L001_R1_001	(2.0, 125130.0)	(3.0, 0.0)	(4.0, 0.0)	(5.0, 0.0)	(6.0, 0.0)	(7.0, 0.0)	(8.0, 0.0)	(9.0, 0.0)	(10.0, 0.0)	(11.0, 0.0)	(12.0, 0.0)	(13.0, 0.0)	(14.0, 1.0)	(15.0, 21.0)	(16.0, 381.0)	(17.0, 2150.0)	(18.0, 5535.0)	(19.0, 6520.0)	(20.0, 7036.0)	(21.0, 7923.0)	(22.0, 11024.0)	(23.0, 15320.0)	(24.0, 25036.0)	(25.0, 36613.0)	(26.0, 52111.0)	(27.0, 65800.0)	(28.0, 94380.0)	(29.0, 123002.0)	(30.0, 164575.0)	(31.0, 199562.0)	(32.0, 270073.0)	(33.0, 339796.0)	(34.0, 449372.0)	(35.0, 556367.0)	(36.0, 813700.0)	(37.0, 1293991.0)	(38.0, 3881428.0)	(39.0, 26850444.0)	(40.0, 39174691.0)
C1-RNA-BS-030325_S44_L001_R2	(21.0, 50.0)	(22.0, 444.0)	(23.0, 1706.0)	(24.0, 6196.0)	(25.0, 14099.0)	(26.0, 30128.0)	(27.0, 47980.0)	(28.0, 84490.0)	(29.0, 118667.0)	(30.0, 171680.0)	(31.0, 218196.0)	(32.0, 304662.0)	(33.0, 386148.0)	(34.0, 527814.0)	(35.0, 673430.0)	(36.0, 1018337.0)	(37.0, 1698224.0)	(38.0, 5690820.0)	(39.0, 31263892.0)	(40.0, 31039031.0)																			
C1-RNA-BS-030325_S44_L001_R2_001	(2.0, 125252.0)	(3.0, 0.0)	(4.0, 0.0)	(5.0, 0.0)	(6.0, 0.0)	(7.0, 0.0)	(8.0, 0.0)	(9.0, 0.0)	(10.0, 0.0)	(11.0, 0.0)	(12.0, 40.0)	(13.0, 789.0)	(14.0, 3704.0)	(15.0, 11067.0)	(16.0, 26562.0)	(17.0, 47306.0)	(18.0, 64613.0)	(19.0, 61950.0)	(20.0, 63493.0)	(21.0, 61218.0)	(22.0, 67937.0)	(23.0, 72630.0)	(24.0, 91235.0)	(25.0, 106164.0)	(26.0, 126349.0)	(27.0, 136464.0)	(28.0, 167737.0)	(29.0, 194202.0)	(30.0, 238593.0)	(31.0, 270375.0)	(32.0, 348389.0)	(33.0, 420458.0)	(34.0, 547242.0)	(35.0, 678871.0)	(36.0, 1009491.0)	(37.0, 1687530.0)	(38.0, 5694075.0)	(39.0, 31318468.0)	(40.0, 30929778.0)
C2-RNA-BS-030325_S45_L001_R1	(21.0, 2.0)	(22.0, 43.0)	(23.0, 157.0)	(24.0, 765.0)	(25.0, 2018.0)	(26.0, 5182.0)	(27.0, 10516.0)	(28.0, 22877.0)	(29.0, 39626.0)	(30.0, 68938.0)	(31.0, 100271.0)	(32.0, 158852.0)	(33.0, 222990.0)	(34.0, 322360.0)	(35.0, 426375.0)	(36.0, 654746.0)	(37.0, 1081903.0)	(38.0, 3344704.0)	(39.0, 23029332.0)	(40.0, 32603037.0)																			
C2-RNA-BS-030325_S45_L001_R1_001	(2.0, 67415.0)	(3.0, 0.0)	(4.0, 0.0)	(5.0, 0.0)	(6.0, 0.0)	(7.0, 0.0)	(8.0, 0.0)	(9.0, 0.0)	(10.0, 0.0)	(11.0, 0.0)	(12.0, 0.0)	(13.0, 0.0)	(14.0, 1.0)	(15.0, 32.0)	(16.0, 355.0)	(17.0, 2097.0)	(18.0, 5430.0)	(19.0, 6301.0)	(20.0, 6370.0)	(21.0, 6891.0)	(22.0, 9371.0)	(23.0, 12645.0)	(24.0, 20434.0)	(25.0, 29918.0)	(26.0, 42839.0)	(27.0, 54532.0)	(28.0, 78564.0)	(29.0, 103131.0)	(30.0, 137869.0)	(31.0, 166800.0)	(32.0, 226299.0)	(33.0, 286662.0)	(34.0, 380206.0)	(35.0, 473913.0)	(36.0, 697889.0)	(37.0, 1125225.0)	(38.0, 3420572.0)	(39.0, 23188427.0)	(40.0, 32693653.0)
C2-RNA-BS-030325_S45_L001_R2	(21.0, 52.0)	(22.0, 433.0)	(23.0, 1557.0)	(24.0, 5523.0)	(25.0, 12310.0)	(26.0, 26048.0)	(27.0, 41583.0)	(28.0, 72574.0)	(29.0, 102496.0)	(30.0, 146861.0)	(31.0, 185685.0)	(32.0, 260746.0)	(33.0, 329892.0)	(34.0, 450154.0)	(35.0, 574195.0)	(36.0, 872886.0)	(37.0, 1472818.0)	(38.0, 4922130.0)	(39.0, 26304808.0)	(40.0, 26311943.0)																			
C2-RNA-BS-030325_S45_L001_R2_001	(2.0, 66410.0)	(3.0, 0.0)	(4.0, 0.0)	(5.0, 0.0)	(6.0, 0.0)	(7.0, 0.0)	(8.0, 0.0)	(9.0, 0.0)	(10.0, 0.0)	(11.0, 0.0)	(12.0, 81.0)	(13.0, 1159.0)	(14.0, 5132.0)	(15.0, 13804.0)	(16.0, 28595.0)	(17.0, 46101.0)	(18.0, 60532.0)	(19.0, 57957.0)	(20.0, 59629.0)	(21.0, 57942.0)	(22.0, 64506.0)	(23.0, 67492.0)	(24.0, 82301.0)	(25.0, 94647.0)	(26.0, 112581.0)	(27.0, 121377.0)	(28.0, 149815.0)	(29.0, 172577.0)	(30.0, 210349.0)	(31.0, 236113.0)	(32.0, 302142.0)	(33.0, 361358.0)	(34.0, 468543.0)	(35.0, 578792.0)	(36.0, 866083.0)	(37.0, 1464498.0)	(38.0, 4925438.0)	(39.0, 26350659.0)	(40.0, 26217228.0)
C3-RNA-BS-030325_S46_L001_R1	(21.0, 5.0)	(22.0, 28.0)	(23.0, 130.0)	(24.0, 650.0)	(25.0, 1674.0)	(26.0, 4555.0)	(27.0, 9045.0)	(28.0, 20285.0)	(29.0, 34817.0)	(30.0, 61476.0)	(31.0, 89789.0)	(32.0, 143297.0)	(33.0, 202304.0)	(34.0, 295389.0)	(35.0, 394089.0)	(36.0, 609675.0)	(37.0, 1023012.0)	(38.0, 3208763.0)	(39.0, 21577792.0)	(40.0, 29827896.0)																			
C3-RNA-BS-030325_S46_L001_R1_001	(2.0, 50053.0)	(3.0, 0.0)	(4.0, 0.0)	(5.0, 0.0)	(6.0, 0.0)	(7.0, 0.0)	(8.0, 0.0)	(9.0, 0.0)	(10.0, 0.0)	(11.0, 0.0)	(12.0, 0.0)	(13.0, 0.0)	(14.0, 1.0)	(15.0, 23.0)	(16.0, 356.0)	(17.0, 1958.0)	(18.0, 5033.0)	(19.0, 5759.0)	(20.0, 6123.0)	(21.0, 6573.0)	(22.0, 8990.0)	(23.0, 11925.0)	(24.0, 19377.0)	(25.0, 27544.0)	(26.0, 39997.0)	(27.0, 50693.0)	(28.0, 73147.0)	(29.0, 95271.0)	(30.0, 127752.0)	(31.0, 154290.0)	(32.0, 210722.0)	(33.0, 266279.0)	(34.0, 355365.0)	(35.0, 444848.0)	(36.0, 656774.0)	(37.0, 1071297.0)	(38.0, 3284645.0)	(39.0, 21716438.0)	(40.0, 29905166.0)
C3-RNA-BS-030325_S46_L001_R2	(20.0, 1.0)	(21.0, 63.0)	(22.0, 422.0)	(23.0, 1523.0)	(24.0, 5120.0)	(25.0, 11859.0)	(26.0, 24946.0)	(27.0, 40180.0)	(28.0, 69173.0)	(29.0, 96265.0)	(30.0, 138581.0)	(31.0, 174413.0)	(32.0, 244767.0)	(33.0, 312414.0)	(34.0, 426168.0)	(35.0, 549947.0)	(36.0, 847090.0)	(37.0, 1454911.0)	(38.0, 4901557.0)	(39.0, 24781862.0)	(40.0, 23423409.0)																		
C3-RNA-BS-030325_S46_L001_R2_001	(2.0, 49602.0)	(3.0, 0.0)	(4.0, 0.0)	(5.0, 0.0)	(6.0, 0.0)	(7.0, 0.0)	(8.0, 0.0)	(9.0, 0.0)	(10.0, 0.0)	(11.0, 0.0)	(12.0, 102.0)	(13.0, 1233.0)	(14.0, 5321.0)	(15.0, 14227.0)	(16.0, 29269.0)	(17.0, 46712.0)	(18.0, 61451.0)	(19.0, 57380.0)	(20.0, 57148.0)	(21.0, 55525.0)	(22.0, 61449.0)	(23.0, 63817.0)	(24.0, 78858.0)	(25.0, 89699.0)	(26.0, 104894.0)	(27.0, 113010.0)	(28.0, 139031.0)	(29.0, 159841.0)	(30.0, 193590.0)	(31.0, 219191.0)	(32.0, 281795.0)	(33.0, 342996.0)	(34.0, 446872.0)	(35.0, 560725.0)	(36.0, 846133.0)	(37.0, 1450153.0)	(38.0, 4907593.0)	(39.0, 24820673.0)	(40.0, 23338109.0)
F1-RNA-BS-030325_S47_L001_R1	(21.0, 1.0)	(22.0, 18.0)	(23.0, 149.0)	(24.0, 624.0)	(25.0, 1859.0)	(26.0, 4820.0)	(27.0, 9386.0)	(28.0, 20587.0)	(29.0, 36417.0)	(30.0, 62062.0)	(31.0, 91413.0)	(32.0, 144112.0)	(33.0, 203278.0)	(34.0, 295910.0)	(35.0, 392337.0)	(36.0, 604317.0)	(37.0, 1011071.0)	(38.0, 3189209.0)	(39.0, 20971583.0)	(40.0, 27828972.0)																			
F1-RNA-BS-030325_S47_L001_R1_001	(2.0, 130486.0)	(3.0, 0.0)	(4.0, 0.0)	(5.0, 0.0)	(6.0, 0.0)	(7.0, 0.0)	(8.0, 0.0)	(9.0, 0.0)	(10.0, 0.0)	(11.0, 0.0)	(12.0, 0.0)	(13.0, 0.0)	(14.0, 0.0)	(15.0, 15.0)	(16.0, 226.0)	(17.0, 1147.0)	(18.0, 2950.0)	(19.0, 3679.0)	(20.0, 4329.0)	(21.0, 5174.0)	(22.0, 7855.0)	(23.0, 10966.0)	(24.0, 17916.0)	(25.0, 26339.0)	(26.0, 38442.0)	(27.0, 48729.0)	(28.0, 69960.0)	(29.0, 91773.0)	(30.0, 123250.0)	(31.0, 150616.0)	(32.0, 204292.0)	(33.0, 258976.0)	(34.0, 347471.0)	(35.0, 433751.0)	(36.0, 640245.0)	(37.0, 1045123.0)	(38.0, 3246145.0)	(39.0, 21081505.0)	(40.0, 27888678.0)
F1-RNA-BS-030325_S47_L001_R2	(20.0, 1.0)	(21.0, 32.0)	(22.0, 327.0)	(23.0, 1193.0)	(24.0, 4383.0)	(25.0, 9490.0)	(26.0, 20853.0)	(27.0, 33892.0)	(28.0, 59586.0)	(29.0, 83674.0)	(30.0, 121548.0)	(31.0, 155618.0)	(32.0, 220885.0)	(33.0, 283185.0)	(34.0, 390530.0)	(35.0, 507522.0)	(36.0, 785386.0)	(37.0, 1352775.0)	(38.0, 4635542.0)	(39.0, 23952736.0)	(40.0, 22248967.0)																		
F1-RNA-BS-030325_S47_L001_R2_001	(2.0, 130499.0)	(3.0, 0.0)	(4.0, 0.0)	(5.0, 0.0)	(6.0, 0.0)	(7.0, 0.0)	(8.0, 0.0)	(9.0, 0.0)	(10.0, 0.0)	(11.0, 0.0)	(12.0, 49.0)	(13.0, 809.0)	(14.0, 3948.0)	(15.0, 10169.0)	(16.0, 21052.0)	(17.0, 34433.0)	(18.0, 46661.0)	(19.0, 45346.0)	(20.0, 47345.0)	(21.0, 47530.0)	(22.0, 53812.0)	(23.0, 55458.0)	(24.0, 67617.0)	(25.0, 76908.0)	(26.0, 91520.0)	(27.0, 98439.0)	(28.0, 121496.0)	(29.0, 141260.0)	(30.0, 172688.0)	(31.0, 196614.0)	(32.0, 254991.0)	(33.0, 310481.0)	(34.0, 407295.0)	(35.0, 514143.0)	(36.0, 782144.0)	(37.0, 1347595.0)	(38.0, 4641982.0)	(39.0, 23990208.0)	(40.0, 22167546.0)
F2-RNA-BS-030325_S48_L001_R1	(21.0, 3.0)	(22.0, 41.0)	(23.0, 170.0)	(24.0, 726.0)	(25.0, 2115.0)	(26.0, 5448.0)	(27.0, 10586.0)	(28.0, 23377.0)	(29.0, 41203.0)	(30.0, 70478.0)	(31.0, 103884.0)	(32.0, 165489.0)	(33.0, 234317.0)	(34.0, 344237.0)	(35.0, 454707.0)	(36.0, 702034.0)	(37.0, 1161813.0)	(38.0, 3582827.0)	(39.0, 24556071.0)	(40.0, 35018641.0)																			
F2-RNA-BS-030325_S48_L001_R1_001	(2.0, 154619.0)	(3.0, 0.0)	(4.0, 0.0)	(5.0, 0.0)	(6.0, 0.0)	(7.0, 0.0)	(8.0, 0.0)	(9.0, 0.0)	(10.0, 0.0)	(11.0, 0.0)	(12.0, 0.0)	(13.0, 0.0)	(14.0, 1.0)	(15.0, 23.0)	(16.0, 368.0)	(17.0, 2066.0)	(18.0, 5279.0)	(19.0, 6117.0)	(20.0, 6823.0)	(21.0, 7640.0)	(22.0, 10710.0)	(23.0, 14770.0)	(24.0, 23892.0)	(25.0, 34590.0)	(26.0, 49429.0)	(27.0, 62101.0)	(28.0, 88141.0)	(29.0, 114788.0)	(30.0, 153676.0)	(31.0, 185007.0)	(32.0, 251913.0)	(33.0, 317025.0)	(34.0, 422528.0)	(35.0, 519312.0)	(36.0, 762886.0)	(37.0, 1222754.0)	(38.0, 3681804.0)	(39.0, 24738730.0)	(40.0, 35118403.0)
F2-RNA-BS-030325_S48_L001_R2	(20.0, 3.0)	(21.0, 65.0)	(22.0, 550.0)	(23.0, 1929.0)	(24.0, 7197.0)	(25.0, 15796.0)	(26.0, 33450.0)	(27.0, 52557.0)	(28.0, 90966.0)	(29.0, 125684.0)	(30.0, 179277.0)	(31.0, 224035.0)	(32.0, 312514.0)	(33.0, 393693.0)	(34.0, 534980.0)	(35.0, 683918.0)	(36.0, 1034787.0)	(37.0, 1754026.0)	(38.0, 5836468.0)	(39.0, 28737117.0)	(40.0, 26459155.0)																		
F2-RNA-BS-030325_S48_L001_R2_001	(2.0, 154055.0)	(3.0, 0.0)	(4.0, 0.0)	(5.0, 0.0)	(6.0, 0.0)	(7.0, 0.0)	(8.0, 0.0)	(9.0, 0.0)	(10.0, 0.0)	(11.0, 0.0)	(12.0, 71.0)	(13.0, 967.0)	(14.0, 4932.0)	(15.0, 14073.0)	(16.0, 33300.0)	(17.0, 58293.0)	(18.0, 76988.0)	(19.0, 72520.0)	(20.0, 74037.0)	(21.0, 72474.0)	(22.0, 80349.0)	(23.0, 83806.0)	(24.0, 103340.0)	(25.0, 118721.0)	(26.0, 139070.0)	(27.0, 149351.0)	(28.0, 183511.0)	(29.0, 209246.0)	(30.0, 253740.0)	(31.0, 283650.0)	(32.0, 362662.0)	(33.0, 432519.0)	(34.0, 557993.0)	(35.0, 690074.0)	(36.0, 1026465.0)	(37.0, 1742724.0)	(38.0, 5839141.0)	(39.0, 28775335.0)	(40.0, 26361988.0)
F3-RNA-BS-030325_S49_L001_R1	(21.0, 2.0)	(22.0, 28.0)	(23.0, 151.0)	(24.0, 649.0)	(25.0, 1832.0)	(26.0, 4672.0)	(27.0, 9307.0)	(28.0, 20206.0)	(29.0, 35509.0)	(30.0, 61579.0)	(31.0, 90291.0)	(32.0, 142829.0)	(33.0, 201025.0)	(34.0, 294541.0)	(35.0, 390979.0)	(36.0, 604869.0)	(37.0, 1001412.0)	(38.0, 3120323.0)	(39.0, 21345349.0)	(40.0, 29948732.0)																			
F3-RNA-BS-030325_S49_L001_R1_001	(2.0, 80129.0)	(3.0, 0.0)	(4.0, 0.0)	(5.0, 0.0)	(6.0, 0.0)	(7.0, 0.0)	(8.0, 0.0)	(9.0, 0.0)	(10.0, 0.0)	(11.0, 0.0)	(12.0, 0.0)	(13.0, 0.0)	(14.0, 1.0)	(15.0, 10.0)	(16.0, 234.0)	(17.0, 1257.0)	(18.0, 3229.0)	(19.0, 4017.0)	(20.0, 4667.0)	(21.0, 5507.0)	(22.0, 7844.0)	(23.0, 11365.0)	(24.0, 18729.0)	(25.0, 27168.0)	(26.0, 39233.0)	(27.0, 50707.0)	(28.0, 71824.0)	(29.0, 94329.0)	(30.0, 126394.0)	(31.0, 153131.0)	(32.0, 208365.0)	(33.0, 263280.0)	(34.0, 352126.0)	(35.0, 438227.0)	(36.0, 647378.0)	(37.0, 1042097.0)	(38.0, 3185907.0)	(39.0, 21463674.0)	(40.0, 30006662.0)
F3-RNA-BS-030325_S49_L001_R2	(20.0, 5.0)	(21.0, 46.0)	(22.0, 350.0)	(23.0, 1434.0)	(24.0, 4823.0)	(25.0, 11266.0)	(26.0, 23825.0)	(27.0, 37736.0)	(28.0, 65848.0)	(29.0, 92192.0)	(30.0, 133377.0)	(31.0, 168855.0)	(32.0, 239003.0)	(33.0, 303636.0)	(34.0, 415045.0)	(35.0, 533842.0)	(36.0, 821079.0)	(37.0, 1398081.0)	(38.0, 4742840.0)	(39.0, 24710585.0)	(40.0, 23570417.0)																		
F3-RNA-BS-030325_S49_L001_R2_001	(2.0, 79355.0)	(3.0, 0.0)	(4.0, 0.0)	(5.0, 0.0)	(6.0, 0.0)	(7.0, 0.0)	(8.0, 0.0)	(9.0, 0.0)	(10.0, 0.0)	(11.0, 0.0)	(12.0, 60.0)	(13.0, 813.0)	(14.0, 3799.0)	(15.0, 10031.0)	(16.0, 21888.0)	(17.0, 37612.0)	(18.0, 50832.0)	(19.0, 49275.0)	(20.0, 49407.0)	(21.0, 48223.0)	(22.0, 52826.0)	(23.0, 56443.0)	(24.0, 71262.0)	(25.0, 83340.0)	(26.0, 99474.0)	(27.0, 108196.0)	(28.0, 132822.0)	(29.0, 153631.0)	(30.0, 188825.0)	(31.0, 213779.0)	(32.0, 276941.0)	(33.0, 335360.0)	(34.0, 436768.0)	(35.0, 544819.0)	(36.0, 821169.0)	(37.0, 1394012.0)	(38.0, 4749479.0)	(39.0, 24751601.0)	(40.0, 23485449.0)
F4-RNA-BS-030325_S50_L001_R1	(21.0, 4.0)	(22.0, 28.0)	(23.0, 153.0)	(24.0, 722.0)	(25.0, 2045.0)	(26.0, 5149.0)	(27.0, 10351.0)	(28.0, 22266.0)	(29.0, 38415.0)	(30.0, 66152.0)	(31.0, 95971.0)	(32.0, 151252.0)	(33.0, 211181.0)	(34.0, 307471.0)	(35.0, 404846.0)	(36.0, 625234.0)	(37.0, 1036417.0)	(38.0, 3198693.0)	(39.0, 21750823.0)	(40.0, 31029493.0)																			
F4-RNA-BS-030325_S50_L001_R1_001	(2.0, 44558.0)	(3.0, 0.0)	(4.0, 0.0)	(5.0, 0.0)	(6.0, 0.0)	(7.0, 0.0)	(8.0, 0.0)	(9.0, 0.0)	(10.0, 0.0)	(11.0, 0.0)	(12.0, 0.0)	(13.0, 0.0)	(14.0, 0.0)	(15.0, 13.0)	(16.0, 277.0)	(17.0, 1517.0)	(18.0, 3876.0)	(19.0, 4611.0)	(20.0, 5120.0)	(21.0, 5939.0)	(22.0, 8458.0)	(23.0, 11739.0)	(24.0, 19460.0)	(25.0, 28051.0)	(26.0, 40646.0)	(27.0, 51878.0)	(28.0, 73851.0)	(29.0, 97426.0)	(30.0, 129769.0)	(31.0, 157377.0)	(32.0, 214234.0)	(33.0, 271900.0)	(34.0, 363091.0)	(35.0, 452270.0)	(36.0, 669148.0)	(37.0, 1080427.0)	(38.0, 3269985.0)	(39.0, 21882594.0)	(40.0, 31100497.0)
F4-RNA-BS-030325_S50_L001_R2	(20.0, 1.0)	(21.0, 42.0)	(22.0, 390.0)	(23.0, 1338.0)	(24.0, 4755.0)	(25.0, 10828.0)	(26.0, 22865.0)	(27.0, 37276.0)	(28.0, 64604.0)	(29.0, 90049.0)	(30.0, 130490.0)	(31.0, 165705.0)	(32.0, 234306.0)	(33.0, 298696.0)	(34.0, 411079.0)	(35.0, 534381.0)	(36.0, 821841.0)	(37.0, 1408743.0)	(38.0, 4700822.0)	(39.0, 24917001.0)	(40.0, 25101454.0)																		
F4-RNA-BS-030325_S50_L001_R2_001	(2.0, 44055.0)	(3.0, 0.0)	(4.0, 0.0)	(5.0, 0.0)	(6.0, 0.0)	(7.0, 0.0)	(8.0, 0.0)	(9.0, 0.0)	(10.0, 0.0)	(11.0, 0.0)	(12.0, 71.0)	(13.0, 980.0)	(14.0, 4485.0)	(15.0, 11812.0)	(16.0, 24466.0)	(17.0, 39998.0)	(18.0, 52768.0)	(19.0, 49841.0)	(20.0, 50631.0)	(21.0, 48361.0)	(22.0, 52593.0)	(23.0, 56467.0)	(24.0, 71348.0)	(25.0, 82990.0)	(26.0, 99546.0)	(27.0, 107916.0)	(28.0, 132808.0)	(29.0, 153823.0)	(30.0, 189241.0)	(31.0, 214693.0)	(32.0, 277381.0)	(33.0, 335005.0)	(34.0, 436194.0)	(35.0, 545555.0)	(36.0, 822636.0)	(37.0, 1404570.0)	(38.0, 4705888.0)	(39.0, 24960645.0)	(40.0, 25011945.0)
L1-RNA-BS-030325_S57_L001_R1	(21.0, 1.0)	(22.0, 39.0)	(23.0, 174.0)	(24.0, 691.0)	(25.0, 2110.0)	(26.0, 5140.0)	(27.0, 10558.0)	(28.0, 23105.0)	(29.0, 39222.0)	(30.0, 67767.0)	(31.0, 99194.0)	(32.0, 154593.0)	(33.0, 217566.0)	(34.0, 315121.0)	(35.0, 416924.0)	(36.0, 636862.0)	(37.0, 1055241.0)	(38.0, 3255311.0)	(39.0, 22544269.0)	(40.0, 32699622.0)																			
L1-RNA-BS-030325_S57_L001_R1_001	(2.0, 61225.0)	(3.0, 0.0)	(4.0, 0.0)	(5.0, 0.0)	(6.0, 0.0)	(7.0, 0.0)	(8.0, 0.0)	(9.0, 0.0)	(10.0, 0.0)	(11.0, 0.0)	(12.0, 0.0)	(13.0, 0.0)	(14.0, 2.0)	(15.0, 10.0)	(16.0, 338.0)	(17.0, 1702.0)	(18.0, 4463.0)	(19.0, 5446.0)	(20.0, 5969.0)	(21.0, 6601.0)	(22.0, 9224.0)	(23.0, 12766.0)	(24.0, 20344.0)	(25.0, 29486.0)	(26.0, 42057.0)	(27.0, 53763.0)	(28.0, 76484.0)	(29.0, 99698.0)	(30.0, 132978.0)	(31.0, 161350.0)	(32.0, 219225.0)	(33.0, 280123.0)	(34.0, 374020.0)	(35.0, 466716.0)	(36.0, 685334.0)	(37.0, 1104746.0)	(38.0, 3330779.0)	(39.0, 22677748.0)	(40.0, 32777739.0)
L1-RNA-BS-030325_S57_L001_R2	(20.0, 4.0)	(21.0, 53.0)	(22.0, 406.0)	(23.0, 1568.0)	(24.0, 5398.0)	(25.0, 11945.0)	(26.0, 25815.0)	(27.0, 40606.0)	(28.0, 70045.0)	(29.0, 97874.0)	(30.0, 139659.0)	(31.0, 175912.0)	(32.0, 247434.0)	(33.0, 316471.0)	(34.0, 434834.0)	(35.0, 561955.0)	(36.0, 864341.0)	(37.0, 1477465.0)	(38.0, 4972840.0)	(39.0, 26212271.0)	(40.0, 25886614.0)																		
L1-RNA-BS-030325_S57_L001_R2_001	(2.0, 60296.0)	(3.0, 0.0)	(4.0, 0.0)	(5.0, 0.0)	(6.0, 0.0)	(7.0, 0.0)	(8.0, 0.0)	(9.0, 0.0)	(10.0, 0.0)	(11.0, 0.0)	(12.0, 66.0)	(13.0, 936.0)	(14.0, 4123.0)	(15.0, 11442.0)	(16.0, 26350.0)	(17.0, 44189.0)	(18.0, 57863.0)	(19.0, 53489.0)	(20.0, 53677.0)	(21.0, 51869.0)	(22.0, 55877.0)	(23.0, 60463.0)	(24.0, 76497.0)	(25.0, 89284.0)	(26.0, 105548.0)	(27.0, 114763.0)	(28.0, 140904.0)	(29.0, 162872.0)	(30.0, 199912.0)	(31.0, 225879.0)	(32.0, 291043.0)	(33.0, 352938.0)	(34.0, 458936.0)	(35.0, 573982.0)	(36.0, 865091.0)	(37.0, 1473396.0)	(38.0, 4978638.0)	(39.0, 26256049.0)	(40.0, 25793964.0)
L2-RNA-BS-030325_S58_L001_R1	(21.0, 3.0)	(22.0, 34.0)	(23.0, 151.0)	(24.0, 640.0)	(25.0, 1736.0)	(26.0, 4544.0)	(27.0, 8885.0)	(28.0, 20064.0)	(29.0, 34210.0)	(30.0, 58973.0)	(31.0, 85773.0)	(32.0, 133569.0)	(33.0, 185970.0)	(34.0, 269215.0)	(35.0, 352844.0)	(36.0, 540586.0)	(37.0, 889926.0)	(38.0, 2750037.0)	(39.0, 19231771.0)	(40.0, 27660191.0)																			
L2-RNA-BS-030325_S58_L001_R1_001	(2.0, 82114.0)	(3.0, 0.0)	(4.0, 0.0)	(5.0, 0.0)	(6.0, 0.0)	(7.0, 0.0)	(8.0, 0.0)	(9.0, 0.0)	(10.0, 0.0)	(11.0, 0.0)	(12.0, 0.0)	(13.0, 0.0)	(14.0, 1.0)	(15.0, 18.0)	(16.0, 261.0)	(17.0, 1439.0)	(18.0, 3662.0)	(19.0, 4382.0)	(20.0, 4865.0)	(21.0, 5503.0)	(22.0, 7779.0)	(23.0, 11215.0)	(24.0, 17801.0)	(25.0, 25567.0)	(26.0, 36496.0)	(27.0, 46438.0)	(28.0, 66032.0)	(29.0, 86141.0)	(30.0, 114181.0)	(31.0, 137456.0)	(32.0, 187531.0)	(33.0, 236716.0)	(34.0, 315721.0)	(35.0, 393021.0)	(36.0, 578040.0)	(37.0, 927278.0)	(38.0, 2808729.0)	(39.0, 19340449.0)	(40.0, 27718077.0)
L2-RNA-BS-030325_S58_L001_R2	(20.0, 1.0)	(21.0, 34.0)	(22.0, 340.0)	(23.0, 1183.0)	(24.0, 4297.0)	(25.0, 9865.0)	(26.0, 20825.0)	(27.0, 33390.0)	(28.0, 57771.0)	(29.0, 81624.0)	(30.0, 117414.0)	(31.0, 147449.0)	(32.0, 207729.0)	(33.0, 265140.0)	(34.0, 362681.0)	(35.0, 467249.0)	(36.0, 712202.0)	(37.0, 1204656.0)	(38.0, 4058365.0)	(39.0, 22175128.0)	(40.0, 22301779.0)																		
L2-RNA-BS-030325_S58_L001_R2_001	(2.0, 81538.0)	(3.0, 0.0)	(4.0, 0.0)	(5.0, 0.0)	(6.0, 0.0)	(7.0, 0.0)	(8.0, 0.0)	(9.0, 0.0)	(10.0, 0.0)	(11.0, 0.0)	(12.0, 63.0)	(13.0, 738.0)	(14.0, 3228.0)	(15.0, 8537.0)	(16.0, 19158.0)	(17.0, 33069.0)	(18.0, 44695.0)	(19.0, 42249.0)	(20.0, 42791.0)	(21.0, 41677.0)	(22.0, 45190.0)	(23.0, 49502.0)	(24.0, 63307.0)	(25.0, 74265.0)	(26.0, 88627.0)	(27.0, 95823.0)	(28.0, 119167.0)	(29.0, 138430.0)	(30.0, 169484.0)	(31.0, 190408.0)	(32.0, 244714.0)	(33.0, 294967.0)	(34.0, 381698.0)	(35.0, 474522.0)	(36.0, 709522.0)	(37.0, 1199620.0)	(38.0, 4062470.0)	(39.0, 22216088.0)	(40.0, 22221366.0)
L3-RNA-BS-030325_S59_L001_R1	(21.0, 2.0)	(22.0, 31.0)	(23.0, 153.0)	(24.0, 652.0)	(25.0, 1821.0)	(26.0, 4662.0)	(27.0, 9434.0)	(28.0, 20631.0)	(29.0, 35640.0)	(30.0, 61556.0)	(31.0, 89970.0)	(32.0, 143301.0)	(33.0, 200718.0)	(34.0, 293567.0)	(35.0, 389280.0)	(36.0, 599484.0)	(37.0, 987906.0)	(38.0, 3018017.0)	(39.0, 21055201.0)	(40.0, 31126110.0)																			
L3-RNA-BS-030325_S59_L001_R1_001	(2.0, 62626.0)	(3.0, 0.0)	(4.0, 0.0)	(5.0, 0.0)	(6.0, 0.0)	(7.0, 0.0)	(8.0, 0.0)	(9.0, 0.0)	(10.0, 0.0)	(11.0, 0.0)	(12.0, 0.0)	(13.0, 0.0)	(14.0, 0.0)	(15.0, 19.0)	(16.0, 289.0)	(17.0, 1518.0)	(18.0, 3900.0)	(19.0, 4881.0)	(20.0, 5463.0)	(21.0, 6332.0)	(22.0, 8663.0)	(23.0, 12343.0)	(24.0, 19899.0)	(25.0, 28600.0)	(26.0, 40961.0)	(27.0, 51997.0)	(28.0, 73857.0)	(29.0, 95772.0)	(30.0, 127557.0)	(31.0, 152817.0)	(32.0, 209869.0)	(33.0, 264586.0)	(34.0, 352924.0)	(35.0, 437452.0)	(36.0, 642297.0)	(37.0, 1030742.0)	(38.0, 3086594.0)	(39.0, 21188618.0)	(40.0, 31203073.0)
L3-RNA-BS-030325_S59_L001_R2	(20.0, 3.0)	(21.0, 52.0)	(22.0, 391.0)	(23.0, 1559.0)	(24.0, 5312.0)	(25.0, 11898.0)	(26.0, 25286.0)	(27.0, 40464.0)	(28.0, 70348.0)	(29.0, 97782.0)	(30.0, 139382.0)	(31.0, 175271.0)	(32.0, 245399.0)	(33.0, 309887.0)	(34.0, 424554.0)	(35.0, 545796.0)	(36.0, 831537.0)	(37.0, 1413658.0)	(38.0, 4754789.0)	(39.0, 24968694.0)	(40.0, 23976074.0)																		
L3-RNA-BS-030325_S59_L001_R2_001	(2.0, 61557.0)	(3.0, 0.0)	(4.0, 0.0)	(5.0, 0.0)	(6.0, 0.0)	(7.0, 0.0)	(8.0, 0.0)	(9.0, 0.0)	(10.0, 0.0)	(11.0, 0.0)	(12.0, 61.0)	(13.0, 862.0)	(14.0, 3995.0)	(15.0, 11198.0)	(16.0, 25088.0)	(17.0, 42971.0)	(18.0, 57320.0)	(19.0, 53702.0)	(20.0, 54460.0)	(21.0, 52343.0)	(22.0, 57062.0)	(23.0, 61377.0)	(24.0, 76752.0)	(25.0, 89401.0)	(26.0, 105902.0)	(27.0, 114292.0)	(28.0, 141200.0)	(29.0, 162174.0)	(30.0, 197767.0)	(31.0, 222866.0)	(32.0, 286195.0)	(33.0, 343163.0)	(34.0, 445988.0)	(35.0, 555078.0)	(36.0, 828213.0)	(37.0, 1406388.0)	(38.0, 4758927.0)	(39.0, 25008532.0)	(40.0, 23888815.0)
P1-RNA-BS-030325_S54_L001_R1	(21.0, 3.0)	(22.0, 26.0)	(23.0, 114.0)	(24.0, 542.0)	(25.0, 1636.0)	(26.0, 4079.0)	(27.0, 8098.0)	(28.0, 17615.0)	(29.0, 30606.0)	(30.0, 52549.0)	(31.0, 76782.0)	(32.0, 121699.0)	(33.0, 170090.0)	(34.0, 248148.0)	(35.0, 325553.0)	(36.0, 503367.0)	(37.0, 832114.0)	(38.0, 2567571.0)	(39.0, 17480402.0)	(40.0, 24550862.0)																			
P1-RNA-BS-030325_S54_L001_R1_001	(2.0, 76486.0)	(3.0, 0.0)	(4.0, 0.0)	(5.0, 0.0)	(6.0, 0.0)	(7.0, 0.0)	(8.0, 0.0)	(9.0, 0.0)	(10.0, 0.0)	(11.0, 0.0)	(12.0, 1.0)	(13.0, 1.0)	(14.0, 0.0)	(15.0, 17.0)	(16.0, 203.0)	(17.0, 1086.0)	(18.0, 2716.0)	(19.0, 3298.0)	(20.0, 3845.0)	(21.0, 4586.0)	(22.0, 6704.0)	(23.0, 9659.0)	(24.0, 15893.0)	(25.0, 23043.0)	(26.0, 33218.0)	(27.0, 42245.0)	(28.0, 60692.0)	(29.0, 78500.0)	(30.0, 105178.0)	(31.0, 127171.0)	(32.0, 173405.0)	(33.0, 219223.0)	(34.0, 293177.0)	(35.0, 362744.0)	(36.0, 536825.0)	(37.0, 864649.0)	(38.0, 2622542.0)	(39.0, 17589444.0)	(40.0, 24613406.0)
P1-RNA-BS-030325_S54_L001_R2	(20.0, 4.0)	(21.0, 36.0)	(22.0, 305.0)	(23.0, 1151.0)	(24.0, 4126.0)	(25.0, 9117.0)	(26.0, 19307.0)	(27.0, 31341.0)	(28.0, 54769.0)	(29.0, 76936.0)	(30.0, 111195.0)	(31.0, 140547.0)	(32.0, 198864.0)	(33.0, 253079.0)	(34.0, 346006.0)	(35.0, 445923.0)	(36.0, 679495.0)	(37.0, 1151603.0)	(38.0, 3835948.0)	(39.0, 20049640.0)	(40.0, 19582464.0)																		
P1-RNA-BS-030325_S54_L001_R2_001	(2.0, 76062.0)	(3.0, 0.0)	(4.0, 0.0)	(5.0, 0.0)	(6.0, 0.0)	(7.0, 0.0)	(8.0, 0.0)	(9.0, 0.0)	(10.0, 1.0)	(11.0, 0.0)	(12.0, 45.0)	(13.0, 748.0)	(14.0, 3361.0)	(15.0, 8992.0)	(16.0, 19433.0)	(17.0, 32332.0)	(18.0, 43313.0)	(19.0, 42061.0)	(20.0, 42506.0)	(21.0, 41609.0)	(22.0, 46087.0)	(23.0, 48748.0)	(24.0, 61139.0)	(25.0, 70828.0)	(26.0, 84494.0)	(27.0, 90707.0)	(28.0, 112712.0)	(29.0, 131057.0)	(30.0, 159187.0)	(31.0, 180421.0)	(32.0, 231271.0)	(33.0, 278377.0)	(34.0, 361309.0)	(35.0, 450024.0)	(36.0, 675666.0)	(37.0, 1144946.0)	(38.0, 3838831.0)	(39.0, 20081692.0)	(40.0, 19511998.0)
P2-RNA-BS-030325_S2_L001_R1	(21.0, 3.0)	(22.0, 59.0)	(23.0, 157.0)	(24.0, 316.0)	(25.0, 617.0)	(26.0, 1276.0)	(27.0, 2414.0)	(28.0, 4915.0)	(29.0, 8424.0)	(30.0, 14871.0)	(31.0, 22908.0)	(32.0, 36802.0)	(33.0, 53317.0)	(34.0, 81814.0)	(35.0, 120322.0)	(36.0, 213525.0)	(37.0, 625386.0)	(38.0, 2856636.0)	(39.0, 7092202.0)	(40.0, 4286901.0)																			
P2-RNA-BS-030325_S2_L001_R1_001	(2.0, 83779.0)	(3.0, 0.0)	(4.0, 0.0)	(5.0, 0.0)	(6.0, 0.0)	(7.0, 0.0)	(8.0, 0.0)	(9.0, 0.0)	(10.0, 0.0)	(11.0, 0.0)	(12.0, 0.0)	(13.0, 0.0)	(14.0, 0.0)	(15.0, 7.0)	(16.0, 57.0)	(17.0, 328.0)	(18.0, 733.0)	(19.0, 1008.0)	(20.0, 1400.0)	(21.0, 1867.0)	(22.0, 2571.0)	(23.0, 3456.0)	(24.0, 5015.0)	(25.0, 6950.0)	(26.0, 9751.0)	(27.0, 12325.0)	(28.0, 17337.0)	(29.0, 22573.0)	(30.0, 30484.0)	(31.0, 38686.0)	(32.0, 53932.0)	(33.0, 71534.0)	(34.0, 100958.0)	(35.0, 137318.0)	(36.0, 232710.0)	(37.0, 669014.0)	(38.0, 2889343.0)	(39.0, 7112442.0)	(40.0, 4278139.0)
P2-RNA-BS-030325_S2_L001_R2	(20.0, 2.0)	(21.0, 13.0)	(22.0, 91.0)	(23.0, 337.0)	(24.0, 1159.0)	(25.0, 2601.0)	(26.0, 5837.0)	(27.0, 10011.0)	(28.0, 17229.0)	(29.0, 24670.0)	(30.0, 35580.0)	(31.0, 47198.0)	(32.0, 67123.0)	(33.0, 89548.0)	(34.0, 130527.0)	(35.0, 187200.0)	(36.0, 325934.0)	(37.0, 772709.0)	(38.0, 3207821.0)	(39.0, 6903153.0)	(40.0, 3594122.0)																		
P2-RNA-BS-030325_S2_L001_R2_001	(2.0, 84248.0)	(3.0, 0.0)	(4.0, 0.0)	(5.0, 0.0)	(6.0, 0.0)	(7.0, 12.0)	(8.0, 35.0)	(9.0, 38.0)	(10.0, 69.0)	(11.0, 126.0)	(12.0, 254.0)	(13.0, 765.0)	(14.0, 2316.0)	(15.0, 6210.0)	(16.0, 14957.0)	(17.0, 21404.0)	(18.0, 18303.0)	(19.0, 14933.0)	(20.0, 15130.0)	(21.0, 15337.0)	(22.0, 17653.0)	(23.0, 20573.0)	(24.0, 26507.0)	(25.0, 29513.0)	(26.0, 32447.0)	(27.0, 34230.0)	(28.0, 39367.0)	(29.0, 43041.0)	(30.0, 52168.0)	(31.0, 61495.0)	(32.0, 79046.0)	(33.0, 98240.0)	(34.0, 132473.0)	(35.0, 180881.0)	(36.0, 307751.0)	(37.0, 765052.0)	(38.0, 3279689.0)	(39.0, 6854393.0)	(40.0, 3535061.0)
P2-RNA-BS-030325_S55_L001_R1	(21.0, 2.0)	(22.0, 23.0)	(23.0, 102.0)	(24.0, 413.0)	(25.0, 1235.0)	(26.0, 3133.0)	(27.0, 6491.0)	(28.0, 13773.0)	(29.0, 23621.0)	(30.0, 41170.0)	(31.0, 59901.0)	(32.0, 93865.0)	(33.0, 131881.0)	(34.0, 191654.0)	(35.0, 253223.0)	(36.0, 389277.0)	(37.0, 643131.0)	(38.0, 1977480.0)	(39.0, 13738598.0)	(40.0, 19741784.0)																			
P2-RNA-BS-030325_S55_L001_R1_001	(2.0, 110799.0)	(3.0, 0.0)	(4.0, 0.0)	(5.0, 0.0)	(6.0, 0.0)	(7.0, 0.0)	(8.0, 0.0)	(9.0, 0.0)	(10.0, 0.0)	(11.0, 0.0)	(12.0, 0.0)	(13.0, 0.0)	(14.0, 0.0)	(15.0, 9.0)	(16.0, 127.0)	(17.0, 713.0)	(18.0, 1965.0)	(19.0, 2490.0)	(20.0, 2936.0)	(21.0, 3622.0)	(22.0, 5254.0)	(23.0, 7563.0)	(24.0, 12066.0)	(25.0, 17774.0)	(26.0, 25983.0)	(27.0, 32808.0)	(28.0, 46664.0)	(29.0, 61213.0)	(30.0, 81440.0)	(31.0, 98649.0)	(32.0, 133583.0)	(33.0, 170887.0)	(34.0, 227225.0)	(35.0, 283869.0)	(36.0, 418017.0)	(37.0, 672309.0)	(38.0, 2024820.0)	(39.0, 13828554.0)	(40.0, 19791802.0)
P2-RNA-BS-030325_S55_L001_R2	(21.0, 32.0)	(22.0, 289.0)	(23.0, 921.0)	(24.0, 3300.0)	(25.0, 7453.0)	(26.0, 16028.0)	(27.0, 25374.0)	(28.0, 44017.0)	(29.0, 61666.0)	(30.0, 89013.0)	(31.0, 112382.0)	(32.0, 157619.0)	(33.0, 199377.0)	(34.0, 275281.0)	(35.0, 350922.0)	(36.0, 534487.0)	(37.0, 901823.0)	(38.0, 2987960.0)	(39.0, 15770582.0)	(40.0, 15772231.0)																			
P2-RNA-BS-030325_S55_L001_R2_001	(2.0, 110579.0)	(3.0, 0.0)	(4.0, 0.0)	(5.0, 0.0)	(6.0, 0.0)	(7.0, 0.0)	(8.0, 0.0)	(9.0, 0.0)	(10.0, 0.0)	(11.0, 0.0)	(12.0, 43.0)	(13.0, 624.0)	(14.0, 2751.0)	(15.0, 7188.0)	(16.0, 15731.0)	(17.0, 25874.0)	(18.0, 34514.0)	(19.0, 33020.0)	(20.0, 33737.0)	(21.0, 33060.0)	(22.0, 35823.0)	(23.0, 38612.0)	(24.0, 48535.0)	(25.0, 56478.0)	(26.0, 67528.0)	(27.0, 73261.0)	(28.0, 90535.0)	(29.0, 104794.0)	(30.0, 128521.0)	(31.0, 144414.0)	(32.0, 184376.0)	(33.0, 221180.0)	(34.0, 287274.0)	(35.0, 354589.0)	(36.0, 531262.0)	(37.0, 896998.0)	(38.0, 2989407.0)	(39.0, 15797378.0)	(40.0, 15715055.0)
P3-RNA-BS-030325_S56_L001_R1	(21.0, 2.0)	(22.0, 26.0)	(23.0, 120.0)	(24.0, 510.0)	(25.0, 1390.0)	(26.0, 3601.0)	(27.0, 7300.0)	(28.0, 15859.0)	(29.0, 27703.0)	(30.0, 47390.0)	(31.0, 69513.0)	(32.0, 109892.0)	(33.0, 153985.0)	(34.0, 224094.0)	(35.0, 294177.0)	(36.0, 455403.0)	(37.0, 755708.0)	(38.0, 2361861.0)	(39.0, 16119634.0)	(40.0, 22440608.0)																			
P3-RNA-BS-030325_S56_L001_R1_001	(2.0, 86110.0)	(3.0, 0.0)	(4.0, 0.0)	(5.0, 0.0)	(6.0, 0.0)	(7.0, 0.0)	(8.0, 0.0)	(9.0, 0.0)	(10.0, 0.0)	(11.0, 0.0)	(12.0, 0.0)	(13.0, 0.0)	(14.0, 1.0)	(15.0, 12.0)	(16.0, 152.0)	(17.0, 857.0)	(18.0, 2121.0)	(19.0, 2902.0)	(20.0, 3301.0)	(21.0, 4201.0)	(22.0, 6025.0)	(23.0, 8527.0)	(24.0, 13984.0)	(25.0, 20244.0)	(26.0, 29084.0)	(27.0, 37801.0)	(28.0, 53936.0)	(29.0, 69916.0)	(30.0, 93441.0)	(31.0, 113472.0)	(32.0, 155654.0)	(33.0, 197677.0)	(34.0, 264378.0)	(35.0, 329354.0)	(36.0, 488846.0)	(37.0, 790097.0)	(38.0, 2416240.0)	(39.0, 16214037.0)	(40.0, 22493091.0)
P3-RNA-BS-030325_S56_L001_R2	(20.0, 1.0)	(21.0, 29.0)	(22.0, 297.0)	(23.0, 1081.0)	(24.0, 3598.0)	(25.0, 8328.0)	(26.0, 17665.0)	(27.0, 28369.0)	(28.0, 49494.0)	(29.0, 68630.0)	(30.0, 99055.0)	(31.0, 124862.0)	(32.0, 176088.0)	(33.0, 224320.0)	(34.0, 307882.0)	(35.0, 400986.0)	(36.0, 618937.0)	(37.0, 1057700.0)	(38.0, 3569301.0)	(39.0, 18536824.0)	(40.0, 17795329.0)																		
P3-RNA-BS-030325_S56_L001_R2_001	(2.0, 85601.0)	(3.0, 0.0)	(4.0, 0.0)	(5.0, 0.0)	(6.0, 0.0)	(7.0, 0.0)	(8.0, 0.0)	(9.0, 0.0)	(10.0, 0.0)	(11.0, 0.0)	(12.0, 57.0)	(13.0, 718.0)	(14.0, 3235.0)	(15.0, 8523.0)	(16.0, 17777.0)	(17.0, 29427.0)	(18.0, 39029.0)	(19.0, 36718.0)	(20.0, 37943.0)	(21.0, 36158.0)	(22.0, 39505.0)	(23.0, 42097.0)	(24.0, 53475.0)	(25.0, 62114.0)	(26.0, 73839.0)	(27.0, 80750.0)	(28.0, 99154.0)	(29.0, 114672.0)	(30.0, 140529.0)	(31.0, 159898.0)	(32.0, 205348.0)	(33.0, 249483.0)	(34.0, 325274.0)	(35.0, 409831.0)	(36.0, 618634.0)	(37.0, 1054188.0)	(38.0, 3573842.0)	(39.0, 18567291.0)	(40.0, 17730351.0)
Q1-RNA-BS-030325_S51_L001_R1	(21.0, 3.0)	(22.0, 27.0)	(23.0, 165.0)	(24.0, 700.0)	(25.0, 1944.0)	(26.0, 5027.0)	(27.0, 10190.0)	(28.0, 22235.0)	(29.0, 38687.0)	(30.0, 67020.0)	(31.0, 98943.0)	(32.0, 156972.0)	(33.0, 220705.0)	(34.0, 323066.0)	(35.0, 429802.0)	(36.0, 670516.0)	(37.0, 1135509.0)	(38.0, 3591795.0)	(39.0, 23272548.0)	(40.0, 30620506.0)																			
Q1-RNA-BS-030325_S51_L001_R1_001	(2.0, 72193.0)	(3.0, 0.0)	(4.0, 0.0)	(5.0, 0.0)	(6.0, 0.0)	(7.0, 0.0)	(8.0, 0.0)	(9.0, 0.0)	(10.0, 0.0)	(11.0, 0.0)	(12.0, 0.0)	(13.0, 0.0)	(14.0, 0.0)	(15.0, 19.0)	(16.0, 287.0)	(17.0, 1333.0)	(18.0, 3705.0)	(19.0, 4440.0)	(20.0, 4826.0)	(21.0, 5900.0)	(22.0, 8622.0)	(23.0, 12299.0)	(24.0, 19950.0)	(25.0, 29407.0)	(26.0, 42298.0)	(27.0, 54294.0)	(28.0, 77219.0)	(29.0, 101575.0)	(30.0, 136641.0)	(31.0, 165959.0)	(32.0, 227515.0)	(33.0, 288154.0)	(34.0, 385879.0)	(35.0, 483531.0)	(36.0, 720167.0)	(37.0, 1184920.0)	(38.0, 3672498.0)	(39.0, 23411631.0)	(40.0, 30690498.0)
Q1-RNA-BS-030325_S51_L001_R2	(20.0, 5.0)	(21.0, 40.0)	(22.0, 416.0)	(23.0, 1577.0)	(24.0, 5392.0)	(25.0, 11741.0)	(26.0, 25191.0)	(27.0, 40124.0)	(28.0, 69484.0)	(29.0, 97890.0)	(30.0, 140018.0)	(31.0, 177975.0)	(32.0, 250548.0)	(33.0, 321135.0)	(34.0, 442992.0)	(35.0, 575720.0)	(36.0, 895777.0)	(37.0, 1563272.0)	(38.0, 5351918.0)	(39.0, 26594809.0)	(40.0, 24100336.0)																		
Q1-RNA-BS-030325_S51_L001_R2_001	(2.0, 71808.0)	(3.0, 0.0)	(4.0, 0.0)	(5.0, 0.0)	(6.0, 0.0)	(7.0, 0.0)	(8.0, 0.0)	(9.0, 0.0)	(10.0, 0.0)	(11.0, 0.0)	(12.0, 109.0)	(13.0, 1101.0)	(14.0, 5311.0)	(15.0, 12917.0)	(16.0, 26091.0)	(17.0, 42412.0)	(18.0, 55724.0)	(19.0, 53341.0)	(20.0, 54234.0)	(21.0, 52095.0)	(22.0, 56400.0)	(23.0, 60574.0)	(24.0, 76822.0)	(25.0, 89896.0)	(26.0, 106560.0)	(27.0, 115522.0)	(28.0, 143044.0)	(29.0, 165056.0)	(30.0, 200381.0)	(31.0, 227640.0)	(32.0, 295204.0)	(33.0, 359146.0)	(34.0, 471262.0)	(35.0, 591897.0)	(36.0, 900948.0)	(37.0, 1562514.0)	(38.0, 5361723.0)	(39.0, 26633916.0)	(40.0, 24012112.0)
Q2-RNA-BS-030325_S52_L001_R1	(21.0, 1.0)	(22.0, 36.0)	(23.0, 150.0)	(24.0, 597.0)	(25.0, 1597.0)	(26.0, 4324.0)	(27.0, 8564.0)	(28.0, 18377.0)	(29.0, 32374.0)	(30.0, 55702.0)	(31.0, 81371.0)	(32.0, 128098.0)	(33.0, 179857.0)	(34.0, 261691.0)	(35.0, 345756.0)	(36.0, 532562.0)	(37.0, 882440.0)	(38.0, 2723036.0)	(39.0, 18691421.0)	(40.0, 26373252.0)																			
Q2-RNA-BS-030325_S52_L001_R1_001	(2.0, 58471.0)	(3.0, 0.0)	(4.0, 0.0)	(5.0, 0.0)	(6.0, 0.0)	(7.0, 0.0)	(8.0, 0.0)	(9.0, 0.0)	(10.0, 0.0)	(11.0, 0.0)	(12.0, 0.0)	(13.0, 0.0)	(14.0, 0.0)	(15.0, 20.0)	(16.0, 336.0)	(17.0, 1592.0)	(18.0, 4000.0)	(19.0, 4837.0)	(20.0, 5001.0)	(21.0, 5453.0)	(22.0, 7491.0)	(23.0, 10422.0)	(24.0, 16793.0)	(25.0, 24595.0)	(26.0, 35425.0)	(27.0, 44402.0)	(28.0, 63770.0)	(29.0, 83396.0)	(30.0, 111388.0)	(31.0, 135608.0)	(32.0, 183896.0)	(33.0, 232872.0)	(34.0, 310180.0)	(35.0, 385910.0)	(36.0, 568375.0)	(37.0, 919064.0)	(38.0, 2785047.0)	(39.0, 18818297.0)	(40.0, 26449520.0)
Q2-RNA-BS-030325_S52_L001_R2	(20.0, 1.0)	(21.0, 40.0)	(22.0, 334.0)	(23.0, 1342.0)	(24.0, 4479.0)	(25.0, 10084.0)	(26.0, 21352.0)	(27.0, 34017.0)	(28.0, 59003.0)	(29.0, 82928.0)	(30.0, 117331.0)	(31.0, 149074.0)	(32.0, 210452.0)	(33.0, 266841.0)	(34.0, 366132.0)	(35.0, 469328.0)	(36.0, 716521.0)	(37.0, 1219799.0)	(38.0, 4095985.0)	(39.0, 21514030.0)	(40.0, 20982133.0)																		
Q2-RNA-BS-030325_S52_L001_R2_001	(2.0, 57444.0)	(3.0, 0.0)	(4.0, 0.0)	(5.0, 0.0)	(6.0, 0.0)	(7.0, 0.0)	(8.0, 0.0)	(9.0, 0.0)	(10.0, 0.0)	(11.0, 0.0)	(12.0, 47.0)	(13.0, 754.0)	(14.0, 3592.0)	(15.0, 10471.0)	(16.0, 23143.0)	(17.0, 38458.0)	(18.0, 49692.0)	(19.0, 46555.0)	(20.0, 47041.0)	(21.0, 44824.0)	(22.0, 49192.0)	(23.0, 52396.0)	(24.0, 66290.0)	(25.0, 76550.0)	(26.0, 90081.0)	(27.0, 97790.0)	(28.0, 120532.0)	(29.0, 139388.0)	(30.0, 168928.0)	(31.0, 191515.0)	(32.0, 246290.0)	(33.0, 296751.0)	(34.0, 384880.0)	(35.0, 477042.0)	(36.0, 714974.0)	(37.0, 1216108.0)	(38.0, 4099769.0)	(39.0, 21548437.0)	(40.0, 20907227.0)
Q3-RNA-BS-030325_S1_L001_R1	(21.0, 1.0)	(22.0, 44.0)	(23.0, 149.0)	(24.0, 339.0)	(25.0, 596.0)	(26.0, 1286.0)	(27.0, 2442.0)	(28.0, 5041.0)	(29.0, 8786.0)	(30.0, 15318.0)	(31.0, 23750.0)	(32.0, 38059.0)	(33.0, 56238.0)	(34.0, 87491.0)	(35.0, 129937.0)	(36.0, 234776.0)	(37.0, 683238.0)	(38.0, 3028908.0)	(39.0, 7289689.0)	(40.0, 4171775.0)																			
Q3-RNA-BS-030325_S1_L001_R1_001	(2.0, 305343.0)	(3.0, 0.0)	(4.0, 0.0)	(5.0, 0.0)	(6.0, 0.0)	(7.0, 0.0)	(8.0, 0.0)	(9.0, 0.0)	(10.0, 0.0)	(11.0, 0.0)	(12.0, 0.0)	(13.0, 0.0)	(14.0, 2.0)	(15.0, 6.0)	(16.0, 65.0)	(17.0, 273.0)	(18.0, 687.0)	(19.0, 958.0)	(20.0, 1420.0)	(21.0, 1919.0)	(22.0, 2680.0)	(23.0, 3465.0)	(24.0, 5049.0)	(25.0, 7076.0)	(26.0, 10010.0)	(27.0, 12768.0)	(28.0, 17890.0)	(29.0, 23540.0)	(30.0, 32259.0)	(31.0, 40999.0)	(32.0, 57286.0)	(33.0, 76302.0)	(34.0, 108146.0)	(35.0, 149327.0)	(36.0, 257176.0)	(37.0, 727716.0)	(38.0, 3062729.0)	(39.0, 7307466.0)	(40.0, 4162603.0)
Q3-RNA-BS-030325_S1_L001_R2	(21.0, 10.0)	(22.0, 85.0)	(23.0, 323.0)	(24.0, 1147.0)	(25.0, 2664.0)	(26.0, 5950.0)	(27.0, 9885.0)	(28.0, 17122.0)	(29.0, 24625.0)	(30.0, 36130.0)	(31.0, 47913.0)	(32.0, 67865.0)	(33.0, 91190.0)	(34.0, 134580.0)	(35.0, 196310.0)	(36.0, 349243.0)	(37.0, 841544.0)	(38.0, 3429780.0)	(39.0, 7089335.0)	(40.0, 3432162.0)																			
Q3-RNA-BS-030325_S1_L001_R2_001	(2.0, 307158.0)	(3.0, 0.0)	(4.0, 0.0)	(5.0, 0.0)	(6.0, 0.0)	(7.0, 12.0)	(8.0, 40.0)	(9.0, 56.0)	(10.0, 74.0)	(11.0, 114.0)	(12.0, 246.0)	(13.0, 783.0)	(14.0, 2398.0)	(15.0, 6487.0)	(16.0, 15192.0)	(17.0, 21251.0)	(18.0, 17890.0)	(19.0, 15239.0)	(20.0, 15634.0)	(21.0, 15915.0)	(22.0, 18414.0)	(23.0, 21173.0)	(24.0, 27053.0)	(25.0, 29501.0)	(26.0, 32223.0)	(27.0, 34169.0)	(28.0, 38863.0)	(29.0, 42830.0)	(30.0, 52440.0)	(31.0, 62376.0)	(32.0, 80422.0)	(33.0, 101047.0)	(34.0, 138319.0)	(35.0, 191555.0)	(36.0, 333701.0)	(37.0, 837433.0)	(38.0, 3502307.0)	(39.0, 7037681.0)	(40.0, 3375164.0)
Q3-RNA-BS-030325_S53_L001_R1	(21.0, 2.0)	(22.0, 17.0)	(23.0, 112.0)	(24.0, 462.0)	(25.0, 1231.0)	(26.0, 3081.0)	(27.0, 6258.0)	(28.0, 13954.0)	(29.0, 24027.0)	(30.0, 41492.0)	(31.0, 61319.0)	(32.0, 97050.0)	(33.0, 135974.0)	(34.0, 199633.0)	(35.0, 265259.0)	(36.0, 409655.0)	(37.0, 685768.0)	(38.0, 2151214.0)	(39.0, 14267735.0)	(40.0, 19229441.0)																			
Q3-RNA-BS-030325_S53_L001_R1_001	(2.0, 436028.0)	(3.0, 0.0)	(4.0, 0.0)	(5.0, 0.0)	(6.0, 0.0)	(7.0, 0.0)	(8.0, 0.0)	(9.0, 0.0)	(10.0, 0.0)	(11.0, 0.0)	(12.0, 0.0)	(13.0, 0.0)	(14.0, 1.0)	(15.0, 10.0)	(16.0, 133.0)	(17.0, 806.0)	(18.0, 2044.0)	(19.0, 2618.0)	(20.0, 3075.0)	(21.0, 3772.0)	(22.0, 5617.0)	(23.0, 7924.0)	(24.0, 12643.0)	(25.0, 18520.0)	(26.0, 27038.0)	(27.0, 34019.0)	(28.0, 48446.0)	(29.0, 63101.0)	(30.0, 84439.0)	(31.0, 103230.0)	(32.0, 140315.0)	(33.0, 177898.0)	(34.0, 240605.0)	(35.0, 300366.0)	(36.0, 441875.0)	(37.0, 715257.0)	(38.0, 2198205.0)	(39.0, 14350316.0)	(40.0, 19273295.0)
Q3-RNA-BS-030325_S53_L001_R2	(21.0, 23.0)	(22.0, 259.0)	(23.0, 946.0)	(24.0, 3407.0)	(25.0, 7777.0)	(26.0, 16471.0)	(27.0, 26073.0)	(28.0, 45308.0)	(29.0, 63704.0)	(30.0, 90844.0)	(31.0, 114564.0)	(32.0, 161805.0)	(33.0, 204294.0)	(34.0, 279695.0)	(35.0, 361646.0)	(36.0, 560425.0)	(37.0, 967590.0)	(38.0, 3300557.0)	(39.0, 16454278.0)	(40.0, 14934018.0)																			
Q3-RNA-BS-030325_S53_L001_R2_001	(2.0, 437621.0)	(3.0, 0.0)	(4.0, 0.0)	(5.0, 0.0)	(6.0, 0.0)	(7.0, 0.0)	(8.0, 0.0)	(9.0, 0.0)	(10.0, 0.0)	(11.0, 0.0)	(12.0, 50.0)	(13.0, 637.0)	(14.0, 3102.0)	(15.0, 8024.0)	(16.0, 16727.0)	(17.0, 27265.0)	(18.0, 36326.0)	(19.0, 34760.0)	(20.0, 35837.0)	(21.0, 34736.0)	(22.0, 37681.0)	(23.0, 39679.0)	(24.0, 50259.0)	(25.0, 57878.0)	(26.0, 68460.0)	(27.0, 73696.0)	(28.0, 90752.0)	(29.0, 104465.0)	(30.0, 126753.0)	(31.0, 144023.0)	(32.0, 185879.0)	(33.0, 224743.0)	(34.0, 294029.0)	(35.0, 369148.0)	(36.0, 560814.0)	(37.0, 965794.0)	(38.0, 3304775.0)	(39.0, 16478604.0)	(40.0, 14879079.0)
