Sample	0	1	2	3	4	5	6	7	8	9	10	11	12	13	14	15	16	17	18	19	20	21	22	23	24	25	26	27	28	29	30	31	32	33	34	35	36	37	38	39	40	41	42
C1-RNA-BS-030325_S44_L001_R1	(17, 4904.0)	(18, 4792.0)	(19, 4745.0)	(20, 4684.0)	(21, 4533.0)	(22, 4581.0)	(23, 4827.0)	(24, 5993.0)	(25, 7755.0)	(26, 7560.0)	(27, 8625.0)	(28, 9968.0)	(29, 10760.0)	(30, 11953.0)	(31, 11867.0)	(32, 12956.0)	(33, 13788.0)	(34, 14264.0)	(35, 13284.0)	(36, 13821.0)	(37, 14040.0)	(38, 14294.0)	(39, 14550.0)	(40, 14569.0)	(41, 15696.0)	(42, 16629.0)	(43, 17234.0)	(44, 14684.0)	(45, 15265.0)	(46, 16723.0)	(47, 15566.0)	(48, 14748.0)	(49, 16967.0)	(50, 15437.0)	(51, 18381.0)	(52, 22797.0)	(53, 43499.0)	(54, 93633.0)	(55, 363363.0)	(56, 1679195.0)	(57, 5183700.0)	(58, 17092630.0)	(59, 48406734.0)
C1-RNA-BS-030325_S44_L001_R1_001	(35, 126035.0)	(36, 95.0)	(37, 88.0)	(38, 118.0)	(39, 98.0)	(40, 119.0)	(41, 143.0)	(42, 162.0)	(43, 213.0)	(44, 230.0)	(45, 274.0)	(46, 349.0)	(47, 422.0)	(48, 1053.0)	(49, 3353.0)	(50, 1225.0)	(51, 5046.0)	(52, 10509.0)	(53, 30652.0)	(54, 81549.0)	(55, 350783.0)	(56, 1676713.0)	(57, 5212177.0)	(58, 17432797.0)	(59, 49637779.0)																		
C1-RNA-BS-030325_S44_L001_R2	(17, 25777.0)	(18, 24813.0)	(19, 25268.0)	(20, 24284.0)	(21, 24575.0)	(22, 23622.0)	(23, 23317.0)	(24, 22656.0)	(25, 22523.0)	(26, 21411.0)	(27, 20785.0)	(28, 19983.0)	(29, 19868.0)	(30, 19085.0)	(31, 20007.0)	(32, 18927.0)	(33, 19653.0)	(34, 19250.0)	(35, 20166.0)	(36, 19481.0)	(37, 20127.0)	(38, 19883.0)	(39, 20643.0)	(40, 20511.0)	(41, 20493.0)	(42, 20230.0)	(43, 21259.0)	(44, 20774.0)	(45, 20819.0)	(46, 21074.0)	(47, 21240.0)	(48, 22102.0)	(49, 24349.0)	(50, 21854.0)	(51, 25286.0)	(52, 29156.0)	(53, 46793.0)	(54, 108387.0)	(55, 480143.0)	(56, 1926111.0)	(57, 5359077.0)	(58, 18450217.0)	(59, 46140015.0)
C1-RNA-BS-030325_S44_L001_R2_001	(35, 126166.0)	(36, 94.0)	(37, 86.0)	(38, 122.0)	(39, 102.0)	(40, 125.0)	(41, 146.0)	(42, 163.0)	(43, 217.0)	(44, 235.0)	(45, 266.0)	(46, 328.0)	(47, 466.0)	(48, 1131.0)	(49, 3801.0)	(50, 1258.0)	(51, 5151.0)	(52, 9594.0)	(53, 26513.0)	(54, 88088.0)	(55, 459647.0)	(56, 1914290.0)	(57, 5359893.0)	(58, 18767053.0)	(59, 47807047.0)																		
C2-RNA-BS-030325_S45_L001_R1	(17, 4383.0)	(18, 4228.0)	(19, 4025.0)	(20, 4004.0)	(21, 4028.0)	(22, 4021.0)	(23, 4351.0)	(24, 5170.0)	(25, 6855.0)	(26, 6488.0)	(27, 7473.0)	(28, 8550.0)	(29, 8893.0)	(30, 10385.0)	(31, 10062.0)	(32, 10905.0)	(33, 11735.0)	(34, 12501.0)	(35, 11622.0)	(36, 11580.0)	(37, 11762.0)	(38, 11835.0)	(39, 12116.0)	(40, 12179.0)	(41, 12891.0)	(42, 13494.0)	(43, 13715.0)	(44, 12332.0)	(45, 12756.0)	(46, 13450.0)	(47, 12655.0)	(48, 12528.0)	(49, 14533.0)	(50, 12888.0)	(51, 15770.0)	(52, 19858.0)	(53, 37496.0)	(54, 81309.0)	(55, 322607.0)	(56, 1432907.0)	(57, 4410044.0)	(58, 14392068.0)	(59, 41052242.0)
C2-RNA-BS-030325_S45_L001_R1_001	(35, 68322.0)	(36, 98.0)	(37, 78.0)	(38, 107.0)	(39, 92.0)	(40, 110.0)	(41, 129.0)	(42, 153.0)	(43, 175.0)	(44, 171.0)	(45, 201.0)	(46, 256.0)	(47, 407.0)	(48, 865.0)	(49, 3040.0)	(50, 946.0)	(51, 4627.0)	(52, 9174.0)	(53, 26795.0)	(54, 71108.0)	(55, 312635.0)	(56, 1433495.0)	(57, 4440908.0)	(58, 14702857.0)	(59, 42167092.0)																		
C2-RNA-BS-030325_S45_L001_R2	(17, 23611.0)	(18, 23030.0)	(19, 24331.0)	(20, 21675.0)	(21, 21428.0)	(22, 21125.0)	(23, 20509.0)	(24, 20568.0)	(25, 19468.0)	(26, 18426.0)	(27, 18010.0)	(28, 17193.0)	(29, 17037.0)	(30, 16642.0)	(31, 17497.0)	(32, 16359.0)	(33, 16885.0)	(34, 16439.0)	(35, 17169.0)	(36, 17177.0)	(37, 17577.0)	(38, 17195.0)	(39, 18070.0)	(40, 17784.0)	(41, 17964.0)	(42, 17409.0)	(43, 18156.0)	(44, 18006.0)	(45, 17976.0)	(46, 18434.0)	(47, 18358.0)	(48, 19081.0)	(49, 21098.0)	(50, 18727.0)	(51, 21916.0)	(52, 25078.0)	(53, 40571.0)	(54, 92955.0)	(55, 404316.0)	(56, 1600019.0)	(57, 4522510.0)	(58, 15371121.0)	(59, 39375794.0)
C2-RNA-BS-030325_S45_L001_R2_001	(35, 67333.0)	(36, 102.0)	(37, 80.0)	(38, 113.0)	(39, 96.0)	(40, 114.0)	(41, 131.0)	(42, 147.0)	(43, 176.0)	(44, 179.0)	(45, 206.0)	(46, 241.0)	(47, 430.0)	(48, 951.0)	(49, 3280.0)	(50, 1112.0)	(51, 4889.0)	(52, 8602.0)	(53, 23315.0)	(54, 75866.0)	(55, 387258.0)	(56, 1590837.0)	(57, 4532397.0)	(58, 15669444.0)	(59, 40876542.0)																		
C3-RNA-BS-030325_S46_L001_R1	(17, 3985.0)	(18, 3720.0)	(19, 3670.0)	(20, 3598.0)	(21, 3560.0)	(22, 3601.0)	(23, 3809.0)	(24, 4473.0)	(25, 6114.0)	(26, 5789.0)	(27, 6777.0)	(28, 7576.0)	(29, 7948.0)	(30, 9474.0)	(31, 9192.0)	(32, 10096.0)	(33, 10729.0)	(34, 11514.0)	(35, 10489.0)	(36, 10627.0)	(37, 10498.0)	(38, 10976.0)	(39, 10990.0)	(40, 11026.0)	(41, 11403.0)	(42, 12236.0)	(43, 12508.0)	(44, 10904.0)	(45, 11094.0)	(46, 11880.0)	(47, 11305.0)	(48, 11189.0)	(49, 13012.0)	(50, 11335.0)	(51, 14222.0)	(52, 17864.0)	(53, 34120.0)	(54, 74095.0)	(55, 299011.0)	(56, 1315176.0)	(57, 4097274.0)	(58, 13184334.0)	(59, 38171478.0)
C3-RNA-BS-030325_S46_L001_R1_001	(35, 50628.0)	(36, 48.0)	(37, 58.0)	(38, 63.0)	(39, 62.0)	(40, 73.0)	(41, 104.0)	(42, 107.0)	(43, 140.0)	(44, 150.0)	(45, 131.0)	(46, 236.0)	(47, 319.0)	(48, 774.0)	(49, 2773.0)	(50, 734.0)	(51, 4187.0)	(52, 8258.0)	(53, 24241.0)	(54, 64807.0)	(55, 290008.0)	(56, 1316281.0)	(57, 4131485.0)	(58, 13474279.0)	(59, 39226453.0)																		
C3-RNA-BS-030325_S46_L001_R2	(17, 22069.0)	(18, 21443.0)	(19, 22726.0)	(20, 20621.0)	(21, 19971.0)	(22, 19862.0)	(23, 19471.0)	(24, 19333.0)	(25, 18291.0)	(26, 17372.0)	(27, 16914.0)	(28, 16131.0)	(29, 15694.0)	(30, 15439.0)	(31, 15769.0)	(32, 15347.0)	(33, 15118.0)	(34, 15147.0)	(35, 15660.0)	(36, 15016.0)	(37, 15767.0)	(38, 15266.0)	(39, 15958.0)	(40, 15944.0)	(41, 15864.0)	(42, 15696.0)	(43, 15995.0)	(44, 15747.0)	(45, 15734.0)	(46, 16193.0)	(47, 16254.0)	(48, 16982.0)	(49, 18682.0)	(50, 16664.0)	(51, 19803.0)	(52, 23061.0)	(53, 37532.0)	(54, 86079.0)	(55, 378911.0)	(56, 1469188.0)	(57, 4197628.0)	(58, 14068305.0)	(59, 36640024.0)
C3-RNA-BS-030325_S46_L001_R2_001	(35, 50222.0)	(36, 53.0)	(37, 61.0)	(38, 67.0)	(39, 70.0)	(40, 78.0)	(41, 115.0)	(42, 109.0)	(43, 144.0)	(44, 147.0)	(45, 126.0)	(46, 230.0)	(47, 359.0)	(48, 914.0)	(49, 3080.0)	(50, 886.0)	(51, 4576.0)	(52, 7944.0)	(53, 22200.0)	(54, 70693.0)	(55, 363173.0)	(56, 1461998.0)	(57, 4210783.0)	(58, 14329235.0)	(59, 38069136.0)																		
F1-RNA-BS-030325_S47_L001_R1	(17, 4058.0)	(18, 3602.0)	(19, 3493.0)	(20, 3479.0)	(21, 3435.0)	(22, 3563.0)	(23, 3833.0)	(24, 4688.0)	(25, 6127.0)	(26, 5966.0)	(27, 6676.0)	(28, 7665.0)	(29, 8138.0)	(30, 9347.0)	(31, 8838.0)	(32, 9911.0)	(33, 10716.0)	(34, 11174.0)	(35, 10161.0)	(36, 10477.0)	(37, 10745.0)	(38, 10602.0)	(39, 10774.0)	(40, 10618.0)	(41, 11387.0)	(42, 12520.0)	(43, 12569.0)	(44, 10950.0)	(45, 11259.0)	(46, 12614.0)	(47, 11679.0)	(48, 11135.0)	(49, 13063.0)	(50, 11475.0)	(51, 14458.0)	(52, 18658.0)	(53, 33240.0)	(54, 72346.0)	(55, 283195.0)	(56, 1256845.0)	(57, 3885617.0)	(58, 12706428.0)	(59, 36300601.0)
F1-RNA-BS-030325_S47_L001_R1_001	(35, 131496.0)	(36, 77.0)	(37, 95.0)	(38, 91.0)	(39, 99.0)	(40, 93.0)	(41, 111.0)	(42, 148.0)	(43, 152.0)	(44, 154.0)	(45, 147.0)	(46, 242.0)	(47, 349.0)	(48, 717.0)	(49, 2703.0)	(50, 909.0)	(51, 4307.0)	(52, 8893.0)	(53, 23310.0)	(54, 62739.0)	(55, 273356.0)	(56, 1255171.0)	(57, 3905376.0)	(58, 12954424.0)	(59, 37254879.0)																		
F1-RNA-BS-030325_S47_L001_R2	(17, 19190.0)	(18, 19657.0)	(19, 21431.0)	(20, 18392.0)	(21, 18453.0)	(22, 17648.0)	(23, 17426.0)	(24, 17318.0)	(25, 16350.0)	(26, 15307.0)	(27, 15333.0)	(28, 14219.0)	(29, 14217.0)	(30, 13822.0)	(31, 14200.0)	(32, 13690.0)	(33, 14359.0)	(34, 14091.0)	(35, 14532.0)	(36, 14412.0)	(37, 14892.0)	(38, 14374.0)	(39, 14933.0)	(40, 14990.0)	(41, 14994.0)	(42, 14716.0)	(43, 15288.0)	(44, 14662.0)	(45, 14964.0)	(46, 15208.0)	(47, 15428.0)	(48, 15982.0)	(49, 17785.0)	(50, 15569.0)	(51, 18974.0)	(52, 21359.0)	(53, 35693.0)	(54, 80873.0)	(55, 358482.0)	(56, 1410673.0)	(57, 4007392.0)	(58, 13657338.0)	(59, 34739509.0)
F1-RNA-BS-030325_S47_L001_R2_001	(35, 131572.0)	(36, 76.0)	(37, 100.0)	(38, 92.0)	(39, 105.0)	(40, 98.0)	(41, 112.0)	(42, 146.0)	(43, 157.0)	(44, 162.0)	(45, 152.0)	(46, 247.0)	(47, 385.0)	(48, 853.0)	(49, 2972.0)	(50, 965.0)	(51, 4565.0)	(52, 7663.0)	(53, 21202.0)	(54, 66493.0)	(55, 343339.0)	(56, 1401062.0)	(57, 4007975.0)	(58, 13892663.0)	(59, 35996882.0)																		
F2-RNA-BS-030325_S48_L001_R1	(17, 4471.0)	(18, 4487.0)	(19, 4194.0)	(20, 4166.0)	(21, 4106.0)	(22, 4259.0)	(23, 4360.0)	(24, 5405.0)	(25, 7050.0)	(26, 6973.0)	(27, 7992.0)	(28, 9036.0)	(29, 9390.0)	(30, 10846.0)	(31, 10615.0)	(32, 11404.0)	(33, 12293.0)	(34, 12881.0)	(35, 12008.0)	(36, 11820.0)	(37, 12069.0)	(38, 12204.0)	(39, 12785.0)	(40, 12535.0)	(41, 13534.0)	(42, 14407.0)	(43, 14814.0)	(44, 12655.0)	(45, 13423.0)	(46, 15083.0)	(47, 13927.0)	(48, 13391.0)	(49, 15255.0)	(50, 14259.0)	(51, 16386.0)	(52, 21471.0)	(53, 40233.0)	(54, 86437.0)	(55, 339641.0)	(56, 1532764.0)	(57, 4710713.0)	(58, 15462102.0)	(59, 43920323.0)
F2-RNA-BS-030325_S48_L001_R1_001	(35, 155622.0)	(36, 92.0)	(37, 122.0)	(38, 134.0)	(39, 125.0)	(40, 133.0)	(41, 114.0)	(42, 163.0)	(43, 180.0)	(44, 232.0)	(45, 244.0)	(46, 308.0)	(47, 432.0)	(48, 921.0)	(49, 3194.0)	(50, 979.0)	(51, 4758.0)	(52, 10385.0)	(53, 28879.0)	(54, 75945.0)	(55, 330009.0)	(56, 1536971.0)	(57, 4757231.0)	(58, 15829269.0)	(59, 45218953.0)																		
F2-RNA-BS-030325_S48_L001_R2	(17, 28394.0)	(18, 27727.0)	(19, 29284.0)	(20, 25916.0)	(21, 25803.0)	(22, 24995.0)	(23, 24559.0)	(24, 24146.0)	(25, 23359.0)	(26, 21877.0)	(27, 21590.0)	(28, 20864.0)	(29, 20485.0)	(30, 19921.0)	(31, 20924.0)	(32, 19610.0)	(33, 19989.0)	(34, 20096.0)	(35, 20718.0)	(36, 20276.0)	(37, 21036.0)	(38, 20833.0)	(39, 21678.0)	(40, 21004.0)	(41, 21653.0)	(42, 20989.0)	(43, 21585.0)	(44, 21142.0)	(45, 21184.0)	(46, 21640.0)	(47, 21887.0)	(48, 22469.0)	(49, 24627.0)	(50, 21961.0)	(51, 25230.0)	(52, 28469.0)	(53, 45380.0)	(54, 100950.0)	(55, 435062.0)	(56, 1719969.0)	(57, 4841762.0)	(58, 16605455.0)	(59, 41911669.0)
F2-RNA-BS-030325_S48_L001_R2_001	(35, 155066.0)	(36, 102.0)	(37, 107.0)	(38, 136.0)	(39, 122.0)	(40, 126.0)	(41, 112.0)	(42, 159.0)	(43, 177.0)	(44, 236.0)	(45, 232.0)	(46, 275.0)	(47, 439.0)	(48, 1001.0)	(49, 3672.0)	(50, 1156.0)	(51, 5191.0)	(52, 9031.0)	(53, 25000.0)	(54, 81117.0)	(55, 414805.0)	(56, 1710828.0)	(57, 4859854.0)	(58, 16991483.0)	(59, 43694968.0)																		
F3-RNA-BS-030325_S49_L001_R1	(17, 3880.0)	(18, 3729.0)	(19, 3545.0)	(20, 3454.0)	(21, 3601.0)	(22, 3635.0)	(23, 3649.0)	(24, 4441.0)	(25, 5843.0)	(26, 5800.0)	(27, 6700.0)	(28, 7375.0)	(29, 8058.0)	(30, 9281.0)	(31, 9048.0)	(32, 10036.0)	(33, 10793.0)	(34, 11346.0)	(35, 10381.0)	(36, 10302.0)	(37, 10386.0)	(38, 10485.0)	(39, 10876.0)	(40, 10507.0)	(41, 11571.0)	(42, 12095.0)	(43, 12392.0)	(44, 10751.0)	(45, 11277.0)	(46, 12727.0)	(47, 11520.0)	(48, 11078.0)	(49, 13010.0)	(50, 11455.0)	(51, 14179.0)	(52, 18547.0)	(53, 34688.0)	(54, 75217.0)	(55, 291636.0)	(56, 1324887.0)	(57, 4076368.0)	(58, 13255611.0)	(59, 37888125.0)
F3-RNA-BS-030325_S49_L001_R1_001	(35, 80851.0)	(36, 89.0)	(37, 82.0)	(38, 85.0)	(39, 98.0)	(40, 108.0)	(41, 116.0)	(42, 124.0)	(43, 156.0)	(44, 169.0)	(45, 183.0)	(46, 259.0)	(47, 319.0)	(48, 721.0)	(49, 2794.0)	(50, 816.0)	(51, 4274.0)	(52, 8925.0)	(53, 24834.0)	(54, 66069.0)	(55, 282256.0)	(56, 1324597.0)	(57, 4104092.0)	(58, 13519151.0)	(59, 38886323.0)																		
F3-RNA-BS-030325_S49_L001_R2	(17, 19350.0)	(18, 18621.0)	(19, 19097.0)	(20, 18262.0)	(21, 18261.0)	(22, 17787.0)	(23, 17965.0)	(24, 17234.0)	(25, 17142.0)	(26, 16042.0)	(27, 15775.0)	(28, 15151.0)	(29, 14989.0)	(30, 14237.0)	(31, 14477.0)	(32, 14129.0)	(33, 14336.0)	(34, 14223.0)	(35, 14678.0)	(36, 14324.0)	(37, 14871.0)	(38, 14702.0)	(39, 15314.0)	(40, 15145.0)	(41, 15240.0)	(42, 15116.0)	(43, 15808.0)	(44, 15227.0)	(45, 14908.0)	(46, 15457.0)	(47, 15432.0)	(48, 15893.0)	(49, 17968.0)	(50, 15819.0)	(51, 19177.0)	(52, 22208.0)	(53, 36296.0)	(54, 85023.0)	(55, 369795.0)	(56, 1475731.0)	(57, 4166987.0)	(58, 14180918.0)	(59, 36375170.0)
F3-RNA-BS-030325_S49_L001_R2_001	(35, 80082.0)	(36, 94.0)	(37, 83.0)	(38, 85.0)	(39, 95.0)	(40, 107.0)	(41, 120.0)	(42, 129.0)	(43, 159.0)	(44, 174.0)	(45, 190.0)	(46, 255.0)	(47, 353.0)	(48, 896.0)	(49, 3109.0)	(50, 858.0)	(51, 4520.0)	(52, 7815.0)	(53, 21767.0)	(54, 70526.0)	(55, 354664.0)	(56, 1469006.0)	(57, 4171223.0)	(58, 14402767.0)	(59, 37718414.0)																		
F4-RNA-BS-030325_S50_L001_R1	(17, 4166.0)	(18, 4040.0)	(19, 3833.0)	(20, 3894.0)	(21, 3819.0)	(22, 3864.0)	(23, 4038.0)	(24, 4860.0)	(25, 6067.0)	(26, 6093.0)	(27, 7089.0)	(28, 7868.0)	(29, 8295.0)	(30, 9788.0)	(31, 9401.0)	(32, 10428.0)	(33, 11271.0)	(34, 11853.0)	(35, 10807.0)	(36, 10850.0)	(37, 10743.0)	(38, 10816.0)	(39, 11020.0)	(40, 10925.0)	(41, 11620.0)	(42, 12433.0)	(43, 12545.0)	(44, 11153.0)	(45, 11450.0)	(46, 12680.0)	(47, 11504.0)	(48, 11202.0)	(49, 13231.0)	(50, 11961.0)	(51, 14531.0)	(52, 18614.0)	(53, 34873.0)	(54, 76314.0)	(55, 303704.0)	(56, 1357784.0)	(57, 4198772.0)	(58, 13501222.0)	(59, 39145245.0)
F4-RNA-BS-030325_S50_L001_R1_001	(35, 45106.0)	(36, 60.0)	(37, 56.0)	(38, 67.0)	(39, 56.0)	(40, 79.0)	(41, 77.0)	(42, 107.0)	(43, 146.0)	(44, 104.0)	(45, 134.0)	(46, 176.0)	(47, 277.0)	(48, 704.0)	(49, 2878.0)	(50, 764.0)	(51, 4375.0)	(52, 8738.0)	(53, 25207.0)	(54, 67073.0)	(55, 294325.0)	(56, 1357255.0)	(57, 4229779.0)	(58, 13769398.0)	(59, 40181771.0)																		
F4-RNA-BS-030325_S50_L001_R2	(17, 19365.0)	(18, 18429.0)	(19, 18702.0)	(20, 17569.0)	(21, 18001.0)	(22, 17678.0)	(23, 17660.0)	(24, 17323.0)	(25, 17140.0)	(26, 16061.0)	(27, 15849.0)	(28, 15275.0)	(29, 14918.0)	(30, 14160.0)	(31, 15221.0)	(32, 14494.0)	(33, 14857.0)	(34, 14291.0)	(35, 15057.0)	(36, 14574.0)	(37, 15144.0)	(38, 15054.0)	(39, 15456.0)	(40, 15514.0)	(41, 15729.0)	(42, 15291.0)	(43, 16325.0)	(44, 15787.0)	(45, 16065.0)	(46, 16075.0)	(47, 16491.0)	(48, 17377.0)	(49, 19313.0)	(50, 16579.0)	(51, 19703.0)	(52, 23098.0)	(53, 38035.0)	(54, 87306.0)	(55, 382238.0)	(56, 1517884.0)	(57, 4314471.0)	(58, 14390639.0)	(59, 37630468.0)
F4-RNA-BS-030325_S50_L001_R2_001	(35, 44627.0)	(36, 62.0)	(37, 53.0)	(38, 74.0)	(39, 58.0)	(40, 84.0)	(41, 87.0)	(42, 111.0)	(43, 153.0)	(44, 110.0)	(45, 133.0)	(46, 172.0)	(47, 313.0)	(48, 801.0)	(49, 3210.0)	(50, 842.0)	(51, 4449.0)	(52, 8229.0)	(53, 22781.0)	(54, 72039.0)	(55, 366861.0)	(56, 1508562.0)	(57, 4327587.0)	(58, 14625904.0)	(59, 39001410.0)																		
L1-RNA-BS-030325_S57_L001_R1	(17, 4273.0)	(18, 4182.0)	(19, 4026.0)	(20, 3936.0)	(21, 3983.0)	(22, 3779.0)	(23, 4143.0)	(24, 4824.0)	(25, 6296.0)	(26, 6035.0)	(27, 6819.0)	(28, 7501.0)	(29, 8158.0)	(30, 9640.0)	(31, 9383.0)	(32, 10302.0)	(33, 11369.0)	(34, 11652.0)	(35, 10975.0)	(36, 10621.0)	(37, 10805.0)	(38, 10627.0)	(39, 10550.0)	(40, 10491.0)	(41, 10838.0)	(42, 11182.0)	(43, 11430.0)	(44, 10788.0)	(45, 10862.0)	(46, 11426.0)	(47, 11177.0)	(48, 11152.0)	(49, 13143.0)	(50, 11627.0)	(51, 14947.0)	(52, 19577.0)	(53, 36403.0)	(54, 79870.0)	(55, 327252.0)	(56, 1408445.0)	(57, 4331418.0)	(58, 14032171.0)	(59, 40995432.0)
L1-RNA-BS-030325_S57_L001_R1_001	(35, 62344.0)	(36, 94.0)	(37, 115.0)	(38, 148.0)	(39, 135.0)	(40, 127.0)	(41, 139.0)	(42, 164.0)	(43, 201.0)	(44, 235.0)	(45, 205.0)	(46, 316.0)	(47, 409.0)	(48, 1080.0)	(49, 3054.0)	(50, 886.0)	(51, 4999.0)	(52, 9986.0)	(53, 26533.0)	(54, 70314.0)	(55, 318135.0)	(56, 1409344.0)	(57, 4364975.0)	(58, 14302898.0)	(59, 42063500.0)																		
L1-RNA-BS-030325_S57_L001_R2	(17, 20533.0)	(18, 19576.0)	(19, 19698.0)	(20, 18625.0)	(21, 19183.0)	(22, 18498.0)	(23, 18582.0)	(24, 18008.0)	(25, 18188.0)	(26, 16854.0)	(27, 16711.0)	(28, 16079.0)	(29, 15766.0)	(30, 15576.0)	(31, 15681.0)	(32, 15225.0)	(33, 15878.0)	(34, 15171.0)	(35, 16012.0)	(36, 15810.0)	(37, 15855.0)	(38, 15999.0)	(39, 16587.0)	(40, 16223.0)	(41, 16853.0)	(42, 16276.0)	(43, 17120.0)	(44, 16559.0)	(45, 17008.0)	(46, 16653.0)	(47, 17081.0)	(48, 17271.0)	(49, 19771.0)	(50, 17603.0)	(51, 21087.0)	(52, 24756.0)	(53, 40912.0)	(54, 93604.0)	(55, 412313.0)	(56, 1574211.0)	(57, 4512334.0)	(58, 15089129.0)	(59, 39192651.0)
L1-RNA-BS-030325_S57_L001_R2_001	(35, 61446.0)	(36, 94.0)	(37, 118.0)	(38, 148.0)	(39, 145.0)	(40, 127.0)	(41, 150.0)	(42, 161.0)	(43, 206.0)	(44, 240.0)	(45, 220.0)	(46, 311.0)	(47, 497.0)	(48, 1012.0)	(49, 3581.0)	(50, 1119.0)	(51, 5201.0)	(52, 9297.0)	(53, 25061.0)	(54, 77701.0)	(55, 396371.0)	(56, 1565163.0)	(57, 4526852.0)	(58, 15336716.0)	(59, 40628399.0)																		
L2-RNA-BS-030325_S58_L001_R1	(17, 3800.0)	(18, 3530.0)	(19, 3463.0)	(20, 3373.0)	(21, 3352.0)	(22, 3482.0)	(23, 3639.0)	(24, 4138.0)	(25, 5412.0)	(26, 5178.0)	(27, 6009.0)	(28, 6637.0)	(29, 7102.0)	(30, 8277.0)	(31, 7885.0)	(32, 8865.0)	(33, 9588.0)	(34, 9855.0)	(35, 9318.0)	(36, 9037.0)	(37, 9035.0)	(38, 9351.0)	(39, 8943.0)	(40, 8956.0)	(41, 9437.0)	(42, 9575.0)	(43, 9687.0)	(44, 9199.0)	(45, 9313.0)	(46, 9929.0)	(47, 9480.0)	(48, 9549.0)	(49, 10980.0)	(50, 9737.0)	(51, 12412.0)	(52, 15847.0)	(53, 30028.0)	(54, 66549.0)	(55, 269288.0)	(56, 1196737.0)	(57, 3676254.0)	(58, 12056560.0)	(59, 34650336.0)
L2-RNA-BS-030325_S58_L001_R1_001	(35, 82781.0)	(36, 77.0)	(37, 77.0)	(38, 96.0)	(39, 80.0)	(40, 81.0)	(41, 113.0)	(42, 130.0)	(43, 138.0)	(44, 179.0)	(45, 168.0)	(46, 248.0)	(47, 370.0)	(48, 1031.0)	(49, 2446.0)	(50, 817.0)	(51, 4022.0)	(52, 7722.0)	(53, 21662.0)	(54, 58505.0)	(55, 260711.0)	(56, 1196375.0)	(57, 3699264.0)	(58, 12286789.0)	(59, 35533031.0)																		
L2-RNA-BS-030325_S58_L001_R2	(17, 17010.0)	(18, 16170.0)	(19, 16582.0)	(20, 15926.0)	(21, 15705.0)	(22, 15359.0)	(23, 15390.0)	(24, 15134.0)	(25, 15262.0)	(26, 14345.0)	(27, 13629.0)	(28, 13452.0)	(29, 13284.0)	(30, 12839.0)	(31, 13819.0)	(32, 12732.0)	(33, 13417.0)	(34, 12919.0)	(35, 13458.0)	(36, 13235.0)	(37, 13775.0)	(38, 13526.0)	(39, 14085.0)	(40, 14294.0)	(41, 14336.0)	(42, 13836.0)	(43, 14537.0)	(44, 14089.0)	(45, 14050.0)	(46, 14166.0)	(47, 14729.0)	(48, 14944.0)	(49, 17193.0)	(50, 15088.0)	(51, 17930.0)	(52, 20791.0)	(53, 34051.0)	(54, 78782.0)	(55, 359747.0)	(56, 1353499.0)	(57, 3835052.0)	(58, 12963645.0)	(59, 33073310.0)
L2-RNA-BS-030325_S58_L001_R2_001	(35, 82211.0)	(36, 79.0)	(37, 84.0)	(38, 97.0)	(39, 81.0)	(40, 80.0)	(41, 113.0)	(42, 123.0)	(43, 150.0)	(44, 180.0)	(45, 172.0)	(46, 243.0)	(47, 382.0)	(48, 808.0)	(49, 2859.0)	(50, 864.0)	(51, 4438.0)	(52, 7548.0)	(53, 20144.0)	(54, 65207.0)	(55, 346014.0)	(56, 1345837.0)	(57, 3842786.0)	(58, 13178196.0)	(59, 34258217.0)																		
L3-RNA-BS-030325_S59_L001_R1	(17, 3844.0)	(18, 3562.0)	(19, 3607.0)	(20, 3488.0)	(21, 3542.0)	(22, 3580.0)	(23, 3747.0)	(24, 4471.0)	(25, 6202.0)	(26, 5829.0)	(27, 6790.0)	(28, 7615.0)	(29, 8235.0)	(30, 9401.0)	(31, 9026.0)	(32, 9968.0)	(33, 10801.0)	(34, 11278.0)	(35, 10334.0)	(36, 10285.0)	(37, 10321.0)	(38, 10562.0)	(39, 10766.0)	(40, 10387.0)	(41, 11135.0)	(42, 12179.0)	(43, 12391.0)	(44, 10560.0)	(45, 11114.0)	(46, 12819.0)	(47, 11552.0)	(48, 11077.0)	(49, 12899.0)	(50, 11813.0)	(51, 14381.0)	(52, 18190.0)	(53, 34151.0)	(54, 73938.0)	(55, 299737.0)	(56, 1317806.0)	(57, 4056745.0)	(58, 13433652.0)	(59, 38494356.0)
L3-RNA-BS-030325_S59_L001_R1_001	(35, 63528.0)	(36, 102.0)	(37, 101.0)	(38, 106.0)	(39, 124.0)	(40, 139.0)	(41, 132.0)	(42, 163.0)	(43, 152.0)	(44, 144.0)	(45, 244.0)	(46, 279.0)	(47, 411.0)	(48, 950.0)	(49, 2782.0)	(50, 894.0)	(51, 4534.0)	(52, 8945.0)	(53, 24312.0)	(54, 64990.0)	(55, 291174.0)	(56, 1318903.0)	(57, 4086530.0)	(58, 13714345.0)	(59, 39529665.0)																		
L3-RNA-BS-030325_S59_L001_R2	(17, 20274.0)	(18, 19389.0)	(19, 19952.0)	(20, 18669.0)	(21, 19162.0)	(22, 18694.0)	(23, 18507.0)	(24, 17833.0)	(25, 18003.0)	(26, 16819.0)	(27, 16561.0)	(28, 15971.0)	(29, 15984.0)	(30, 15307.0)	(31, 15530.0)	(32, 15146.0)	(33, 15560.0)	(34, 15187.0)	(35, 15688.0)	(36, 15605.0)	(37, 16235.0)	(38, 16164.0)	(39, 16674.0)	(40, 16960.0)	(41, 17008.0)	(42, 16492.0)	(43, 17020.0)	(44, 16879.0)	(45, 16786.0)	(46, 16607.0)	(47, 16936.0)	(48, 17178.0)	(49, 19575.0)	(50, 17178.0)	(51, 20672.0)	(52, 23874.0)	(53, 38569.0)	(54, 87366.0)	(55, 386683.0)	(56, 1480689.0)	(57, 4234489.0)	(58, 14495581.0)	(59, 36688680.0)
L3-RNA-BS-030325_S59_L001_R2_001	(35, 62450.0)	(36, 100.0)	(37, 99.0)	(38, 114.0)	(39, 132.0)	(40, 137.0)	(41, 142.0)	(42, 158.0)	(43, 156.0)	(44, 151.0)	(45, 231.0)	(46, 276.0)	(47, 436.0)	(48, 939.0)	(49, 3269.0)	(50, 1096.0)	(51, 4839.0)	(52, 8576.0)	(53, 22694.0)	(54, 71172.0)	(55, 370505.0)	(56, 1472989.0)	(57, 4241989.0)	(58, 14756802.0)	(59, 38094197.0)																		
P1-RNA-BS-030325_S54_L001_R1	(17, 3354.0)	(18, 3144.0)	(19, 3018.0)	(20, 3056.0)	(21, 3010.0)	(22, 2988.0)	(23, 3243.0)	(24, 3836.0)	(25, 5110.0)	(26, 5085.0)	(27, 5812.0)	(28, 6563.0)	(29, 6981.0)	(30, 7859.0)	(31, 7809.0)	(32, 8511.0)	(33, 9075.0)	(34, 9391.0)	(35, 8827.0)	(36, 8714.0)	(37, 8737.0)	(38, 8831.0)	(39, 9004.0)	(40, 8896.0)	(41, 9477.0)	(42, 9965.0)	(43, 10507.0)	(44, 9213.0)	(45, 9262.0)	(46, 10479.0)	(47, 9675.0)	(48, 9145.0)	(49, 10827.0)	(50, 9450.0)	(51, 11668.0)	(52, 15027.0)	(53, 29011.0)	(54, 61062.0)	(55, 241933.0)	(56, 1086225.0)	(57, 3348855.0)	(58, 10872922.0)	(59, 31076299.0)
P1-RNA-BS-030325_S54_L001_R1_001	(35, 77274.0)	(36, 75.0)	(37, 74.0)	(38, 107.0)	(39, 103.0)	(40, 131.0)	(41, 100.0)	(42, 160.0)	(43, 174.0)	(44, 254.0)	(45, 184.0)	(46, 320.0)	(47, 348.0)	(48, 690.0)	(49, 2398.0)	(50, 856.0)	(51, 3494.0)	(52, 7120.0)	(53, 20894.0)	(54, 53451.0)	(55, 234007.0)	(56, 1085884.0)	(57, 3372417.0)	(58, 11095472.0)	(59, 31913970.0)																		
P1-RNA-BS-030325_S54_L001_R2	(17, 17153.0)	(18, 16483.0)	(19, 16984.0)	(20, 15597.0)	(21, 15849.0)	(22, 15484.0)	(23, 15179.0)	(24, 14809.0)	(25, 14598.0)	(26, 13829.0)	(27, 13633.0)	(28, 13417.0)	(29, 12971.0)	(30, 12488.0)	(31, 13264.0)	(32, 12440.0)	(33, 12896.0)	(34, 12620.0)	(35, 13283.0)	(36, 13022.0)	(37, 13356.0)	(38, 13661.0)	(39, 14145.0)	(40, 14031.0)	(41, 14001.0)	(42, 13808.0)	(43, 14428.0)	(44, 14261.0)	(45, 14184.0)	(46, 14248.0)	(47, 14385.0)	(48, 15266.0)	(49, 16569.0)	(50, 14830.0)	(51, 16909.0)	(52, 19025.0)	(53, 31523.0)	(54, 71601.0)	(55, 313018.0)	(56, 1210482.0)	(57, 3428998.0)	(58, 11669887.0)	(59, 29743241.0)
P1-RNA-BS-030325_S54_L001_R2_001	(35, 76870.0)	(36, 78.0)	(37, 83.0)	(38, 106.0)	(39, 107.0)	(40, 133.0)	(41, 99.0)	(42, 155.0)	(43, 179.0)	(44, 252.0)	(45, 187.0)	(46, 307.0)	(47, 358.0)	(48, 788.0)	(49, 2534.0)	(50, 935.0)	(51, 3763.0)	(52, 6381.0)	(53, 18225.0)	(54, 58221.0)	(55, 299549.0)	(56, 1202374.0)	(57, 3436085.0)	(58, 11893228.0)	(59, 30868960.0)																		
P2-RNA-BS-030325_S2_L001_R1	(17, 1021.0)	(18, 1057.0)	(19, 1017.0)	(20, 1027.0)	(21, 937.0)	(22, 1150.0)	(23, 1253.0)	(24, 1626.0)	(25, 2285.0)	(26, 1826.0)	(27, 2288.0)	(28, 2306.0)	(29, 2706.0)	(30, 2218.0)	(31, 2256.0)	(32, 2442.0)	(33, 2732.0)	(34, 2994.0)	(35, 4459.0)	(36, 3050.0)	(37, 3135.0)	(38, 3826.0)	(39, 4123.0)	(40, 3880.0)	(41, 4348.0)	(42, 3438.0)	(43, 3505.0)	(44, 3339.0)	(45, 3017.0)	(46, 3212.0)	(47, 3330.0)	(48, 4485.0)	(49, 4422.0)	(50, 3862.0)	(51, 4716.0)	(52, 6118.0)	(53, 11033.0)	(54, 23182.0)	(55, 88317.0)	(56, 375993.0)	(57, 1133287.0)	(58, 3621404.0)	(59, 10066243.0)
P2-RNA-BS-030325_S2_L001_R1_001	(35, 84585.0)	(36, 73.0)	(37, 75.0)	(38, 91.0)	(39, 115.0)	(40, 90.0)	(41, 110.0)	(42, 153.0)	(43, 148.0)	(44, 193.0)	(45, 183.0)	(46, 227.0)	(47, 291.0)	(48, 426.0)	(49, 936.0)	(50, 500.0)	(51, 1547.0)	(52, 2714.0)	(53, 7725.0)	(54, 19842.0)	(55, 83330.0)	(56, 372421.0)	(57, 1142884.0)	(58, 3588853.0)	(59, 10476205.0)																		
P2-RNA-BS-030325_S2_L001_R2	(17, 6324.0)	(18, 5834.0)	(19, 6401.0)	(20, 6730.0)	(21, 8206.0)	(22, 9815.0)	(23, 12169.0)	(24, 11777.0)	(25, 12427.0)	(26, 10954.0)	(27, 10600.0)	(28, 7344.0)	(29, 5261.0)	(30, 6419.0)	(31, 6380.0)	(32, 5597.0)	(33, 7890.0)	(34, 7255.0)	(35, 6745.0)	(36, 8232.0)	(37, 9622.0)	(38, 13273.0)	(39, 12092.0)	(40, 8735.0)	(41, 5184.0)	(42, 5428.0)	(43, 5184.0)	(44, 4950.0)	(45, 5406.0)	(46, 5030.0)	(47, 5478.0)	(48, 5627.0)	(49, 6180.0)	(50, 5150.0)	(51, 6010.0)	(52, 7435.0)	(53, 12123.0)	(54, 28279.0)	(55, 126856.0)	(56, 432211.0)	(57, 1221528.0)	(58, 3811419.0)	(59, 9517305.0)
P2-RNA-BS-030325_S2_L001_R2_001	(35, 102949.0)	(36, 202.0)	(37, 609.0)	(38, 3652.0)	(39, 15899.0)	(40, 92.0)	(41, 114.0)	(42, 154.0)	(43, 147.0)	(44, 188.0)	(45, 187.0)	(46, 220.0)	(47, 316.0)	(48, 441.0)	(49, 1010.0)	(50, 506.0)	(51, 1597.0)	(52, 2884.0)	(53, 7508.0)	(54, 23101.0)	(55, 112329.0)	(56, 424883.0)	(57, 1196370.0)	(58, 3816491.0)	(59, 10071868.0)																		
P2-RNA-BS-030325_S55_L001_R1	(17, 2644.0)	(18, 2488.0)	(19, 2420.0)	(20, 2491.0)	(21, 2348.0)	(22, 2439.0)	(23, 2478.0)	(24, 2999.0)	(25, 3844.0)	(26, 3952.0)	(27, 4341.0)	(28, 4946.0)	(29, 5240.0)	(30, 5910.0)	(31, 5870.0)	(32, 6378.0)	(33, 6956.0)	(34, 7114.0)	(35, 6728.0)	(36, 6524.0)	(37, 6607.0)	(38, 6544.0)	(39, 6856.0)	(40, 6523.0)	(41, 6981.0)	(42, 7360.0)	(43, 7687.0)	(44, 6891.0)	(45, 6891.0)	(46, 7663.0)	(47, 7180.0)	(48, 6836.0)	(49, 8222.0)	(50, 7340.0)	(51, 9350.0)	(52, 11679.0)	(53, 22912.0)	(54, 49589.0)	(55, 193043.0)	(56, 867533.0)	(57, 2659364.0)	(58, 8590995.0)	(59, 24718601.0)
P2-RNA-BS-030325_S55_L001_R1_001	(35, 111568.0)	(36, 65.0)	(37, 66.0)	(38, 65.0)	(39, 75.0)	(40, 104.0)	(41, 103.0)	(42, 115.0)	(43, 131.0)	(44, 170.0)	(45, 184.0)	(46, 212.0)	(47, 285.0)	(48, 625.0)	(49, 1958.0)	(50, 691.0)	(51, 2867.0)	(52, 5680.0)	(53, 16680.0)	(54, 43294.0)	(55, 186950.0)	(56, 867973.0)	(57, 2680491.0)	(58, 8761615.0)	(59, 25381174.0)																		
P2-RNA-BS-030325_S55_L001_R2	(17, 13334.0)	(18, 12689.0)	(19, 13132.0)	(20, 12183.0)	(21, 12197.0)	(22, 12249.0)	(23, 12182.0)	(24, 11540.0)	(25, 11867.0)	(26, 10882.0)	(27, 10812.0)	(28, 10589.0)	(29, 10376.0)	(30, 9975.0)	(31, 10710.0)	(32, 9974.0)	(33, 10323.0)	(34, 10100.0)	(35, 10239.0)	(36, 10333.0)	(37, 10588.0)	(38, 10896.0)	(39, 11265.0)	(40, 11341.0)	(41, 11470.0)	(42, 10991.0)	(43, 11724.0)	(44, 11341.0)	(45, 11820.0)	(46, 11401.0)	(47, 11681.0)	(48, 11971.0)	(49, 13355.0)	(50, 12013.0)	(51, 13671.0)	(52, 15614.0)	(53, 25205.0)	(54, 57362.0)	(55, 246709.0)	(56, 961172.0)	(57, 2726366.0)	(58, 9239634.0)	(59, 23637481.0)
P2-RNA-BS-030325_S55_L001_R2_001	(35, 111353.0)	(36, 60.0)	(37, 67.0)	(38, 69.0)	(39, 84.0)	(40, 102.0)	(41, 100.0)	(42, 114.0)	(43, 123.0)	(44, 171.0)	(45, 185.0)	(46, 199.0)	(47, 299.0)	(48, 622.0)	(49, 2056.0)	(50, 742.0)	(51, 3044.0)	(52, 5394.0)	(53, 14406.0)	(54, 46756.0)	(55, 236083.0)	(56, 954204.0)	(57, 2735176.0)	(58, 9414764.0)	(59, 24536968.0)																		
P3-RNA-BS-030325_S56_L001_R1	(17, 2972.0)	(18, 2843.0)	(19, 2648.0)	(20, 2735.0)	(21, 2739.0)	(22, 2732.0)	(23, 2920.0)	(24, 3377.0)	(25, 4326.0)	(26, 4338.0)	(27, 4845.0)	(28, 5465.0)	(29, 5888.0)	(30, 6790.0)	(31, 6570.0)	(32, 7229.0)	(33, 7931.0)	(34, 8187.0)	(35, 7726.0)	(36, 7691.0)	(37, 7665.0)	(38, 7655.0)	(39, 7872.0)	(40, 7452.0)	(41, 7794.0)	(42, 8255.0)	(43, 8546.0)	(44, 7557.0)	(45, 7671.0)	(46, 8443.0)	(47, 8103.0)	(48, 7836.0)	(49, 9328.0)	(50, 8194.0)	(51, 10515.0)	(52, 13443.0)	(53, 25943.0)	(54, 56679.0)	(55, 224175.0)	(56, 1006207.0)	(57, 3074473.0)	(58, 9937154.0)	(59, 28527864.0)
P3-RNA-BS-030325_S56_L001_R1_001	(35, 86885.0)	(36, 97.0)	(37, 70.0)	(38, 81.0)	(39, 100.0)	(40, 110.0)	(41, 98.0)	(42, 146.0)	(43, 183.0)	(44, 155.0)	(45, 192.0)	(46, 231.0)	(47, 339.0)	(48, 716.0)	(49, 2212.0)	(50, 776.0)	(51, 3411.0)	(52, 6608.0)	(53, 18977.0)	(54, 50022.0)	(55, 217419.0)	(56, 1007002.0)	(57, 3095635.0)	(58, 10129840.0)	(59, 29274156.0)																		
P3-RNA-BS-030325_S56_L001_R2	(17, 14498.0)	(18, 13788.0)	(19, 14218.0)	(20, 13388.0)	(21, 13704.0)	(22, 13203.0)	(23, 13484.0)	(24, 13017.0)	(25, 12691.0)	(26, 11916.0)	(27, 11618.0)	(28, 11359.0)	(29, 11101.0)	(30, 10719.0)	(31, 11200.0)	(32, 10654.0)	(33, 11143.0)	(34, 10846.0)	(35, 11201.0)	(36, 11100.0)	(37, 11455.0)	(38, 11343.0)	(39, 11736.0)	(40, 12074.0)	(41, 12251.0)	(42, 11976.0)	(43, 12518.0)	(44, 11928.0)	(45, 11991.0)	(46, 11996.0)	(47, 12242.0)	(48, 12541.0)	(49, 14146.0)	(50, 12415.0)	(51, 14954.0)	(52, 17105.0)	(53, 28574.0)	(54, 65059.0)	(55, 280790.0)	(56, 1109874.0)	(57, 3147586.0)	(58, 10675109.0)	(59, 27334265.0)
P3-RNA-BS-030325_S56_L001_R2_001	(35, 86399.0)	(36, 98.0)	(37, 71.0)	(38, 85.0)	(39, 102.0)	(40, 119.0)	(41, 99.0)	(42, 142.0)	(43, 182.0)	(44, 155.0)	(45, 197.0)	(46, 213.0)	(47, 352.0)	(48, 712.0)	(49, 2433.0)	(50, 877.0)	(51, 3560.0)	(52, 6213.0)	(53, 16952.0)	(54, 53393.0)	(55, 268951.0)	(56, 1102778.0)	(57, 3153672.0)	(58, 10853244.0)	(59, 28344462.0)																		
Q1-RNA-BS-030325_S51_L001_R1	(17, 4347.0)	(18, 3932.0)	(19, 3826.0)	(20, 3722.0)	(21, 3786.0)	(22, 3908.0)	(23, 4013.0)	(24, 4931.0)	(25, 6374.0)	(26, 6311.0)	(27, 7253.0)	(28, 8320.0)	(29, 8831.0)	(30, 10169.0)	(31, 9845.0)	(32, 10784.0)	(33, 11604.0)	(34, 12315.0)	(35, 11235.0)	(36, 11462.0)	(37, 11307.0)	(38, 11527.0)	(39, 12050.0)	(40, 11678.0)	(41, 12452.0)	(42, 13362.0)	(43, 13440.0)	(44, 11823.0)	(45, 12024.0)	(46, 13582.0)	(47, 12504.0)	(48, 11914.0)	(49, 13889.0)	(50, 12114.0)	(51, 15583.0)	(52, 19693.0)	(53, 36552.0)	(54, 80395.0)	(55, 317857.0)	(56, 1394933.0)	(57, 4320232.0)	(58, 13910849.0)	(59, 40249632.0)
Q1-RNA-BS-030325_S51_L001_R1_001	(35, 72986.0)	(36, 91.0)	(37, 86.0)	(38, 99.0)	(39, 92.0)	(40, 100.0)	(41, 104.0)	(42, 160.0)	(43, 186.0)	(44, 203.0)	(45, 232.0)	(46, 251.0)	(47, 356.0)	(48, 903.0)	(49, 3094.0)	(50, 947.0)	(51, 4883.0)	(52, 9108.0)	(53, 26307.0)	(54, 70220.0)	(55, 308043.0)	(56, 1394905.0)	(57, 4352183.0)	(58, 14203954.0)	(59, 41356267.0)																		
Q1-RNA-BS-030325_S51_L001_R2	(17, 20426.0)	(18, 19907.0)	(19, 19944.0)	(20, 18868.0)	(21, 19279.0)	(22, 18928.0)	(23, 18994.0)	(24, 18215.0)	(25, 18560.0)	(26, 17001.0)	(27, 16503.0)	(28, 15941.0)	(29, 15525.0)	(30, 15027.0)	(31, 15642.0)	(32, 14976.0)	(33, 15538.0)	(34, 15298.0)	(35, 15716.0)	(36, 15488.0)	(37, 16138.0)	(38, 15880.0)	(39, 16112.0)	(40, 16013.0)	(41, 16068.0)	(42, 16071.0)	(43, 16548.0)	(44, 16162.0)	(45, 15985.0)	(46, 16405.0)	(47, 16479.0)	(48, 17032.0)	(49, 19192.0)	(50, 16685.0)	(51, 20560.0)	(52, 23768.0)	(53, 39579.0)	(54, 90564.0)	(55, 395170.0)	(56, 1559343.0)	(57, 4441033.0)	(58, 14896243.0)	(59, 38623554.0)
Q1-RNA-BS-030325_S51_L001_R2_001	(35, 72626.0)	(36, 97.0)	(37, 85.0)	(38, 100.0)	(39, 107.0)	(40, 98.0)	(41, 109.0)	(42, 161.0)	(43, 196.0)	(44, 206.0)	(45, 229.0)	(46, 237.0)	(47, 417.0)	(48, 947.0)	(49, 3367.0)	(50, 996.0)	(51, 4904.0)	(52, 8727.0)	(53, 23870.0)	(54, 74979.0)	(55, 379647.0)	(56, 1552577.0)	(57, 4451732.0)	(58, 15132377.0)	(59, 40096969.0)																		
Q2-RNA-BS-030325_S52_L001_R1	(17, 3598.0)	(18, 3414.0)	(19, 3267.0)	(20, 3299.0)	(21, 3193.0)	(22, 3157.0)	(23, 3444.0)	(24, 4212.0)	(25, 5411.0)	(26, 5371.0)	(27, 5829.0)	(28, 6794.0)	(29, 7144.0)	(30, 8199.0)	(31, 7960.0)	(32, 8906.0)	(33, 9533.0)	(34, 9869.0)	(35, 9278.0)	(36, 9345.0)	(37, 9045.0)	(38, 9464.0)	(39, 9433.0)	(40, 9329.0)	(41, 10171.0)	(42, 11236.0)	(43, 11134.0)	(44, 9611.0)	(45, 9979.0)	(46, 11095.0)	(47, 10420.0)	(48, 9997.0)	(49, 11426.0)	(50, 10263.0)	(51, 12550.0)	(52, 16319.0)	(53, 30375.0)	(54, 66682.0)	(55, 261270.0)	(56, 1177303.0)	(57, 3588760.0)	(58, 11724295.0)	(59, 33179826.0)
Q2-RNA-BS-030325_S52_L001_R1_001	(35, 59284.0)	(36, 76.0)	(37, 61.0)	(38, 120.0)	(39, 70.0)	(40, 87.0)	(41, 106.0)	(42, 173.0)	(43, 147.0)	(44, 172.0)	(45, 180.0)	(46, 258.0)	(47, 336.0)	(48, 691.0)	(49, 2434.0)	(50, 769.0)	(51, 3837.0)	(52, 8041.0)	(53, 22063.0)	(54, 58964.0)	(55, 253264.0)	(56, 1178552.0)	(57, 3616818.0)	(58, 11974748.0)	(59, 34084910.0)																		
Q2-RNA-BS-030325_S52_L001_R2	(17, 17687.0)	(18, 16822.0)	(19, 17281.0)	(20, 16260.0)	(21, 16653.0)	(22, 15833.0)	(23, 16018.0)	(24, 15608.0)	(25, 15651.0)	(26, 14595.0)	(27, 14128.0)	(28, 13733.0)	(29, 13446.0)	(30, 12981.0)	(31, 13392.0)	(32, 12978.0)	(33, 13240.0)	(34, 12819.0)	(35, 13401.0)	(36, 13174.0)	(37, 13553.0)	(38, 13693.0)	(39, 14074.0)	(40, 13857.0)	(41, 14557.0)	(42, 13993.0)	(43, 14662.0)	(44, 13946.0)	(45, 14476.0)	(46, 14194.0)	(47, 14339.0)	(48, 14648.0)	(49, 16401.0)	(50, 14742.0)	(51, 17522.0)	(52, 19951.0)	(53, 32763.0)	(54, 75812.0)	(55, 325300.0)	(56, 1314942.0)	(57, 3660966.0)	(58, 12519426.0)	(59, 31857689.0)
Q2-RNA-BS-030325_S52_L001_R2_001	(35, 58270.0)	(36, 87.0)	(37, 58.0)	(38, 122.0)	(39, 71.0)	(40, 91.0)	(41, 115.0)	(42, 181.0)	(43, 146.0)	(44, 175.0)	(45, 175.0)	(46, 238.0)	(47, 326.0)	(48, 764.0)	(49, 2600.0)	(50, 849.0)	(51, 4104.0)	(52, 7041.0)	(53, 18877.0)	(54, 62269.0)	(55, 310967.0)	(56, 1308531.0)	(57, 3671154.0)	(58, 12750467.0)	(59, 33068483.0)																		
Q3-RNA-BS-030325_S1_L001_R1	(17, 1105.0)	(18, 1071.0)	(19, 1055.0)	(20, 1151.0)	(21, 1003.0)	(22, 1159.0)	(23, 1341.0)	(24, 1580.0)	(25, 2402.0)	(26, 1925.0)	(27, 2395.0)	(28, 2444.0)	(29, 2842.0)	(30, 2303.0)	(31, 2458.0)	(32, 2634.0)	(33, 3037.0)	(34, 3157.0)	(35, 4566.0)	(36, 3209.0)	(37, 3234.0)	(38, 4057.0)	(39, 4420.0)	(40, 4483.0)	(41, 4780.0)	(42, 3633.0)	(43, 3941.0)	(44, 3680.0)	(45, 3546.0)	(46, 3476.0)	(47, 3717.0)	(48, 4924.0)	(49, 4965.0)	(50, 4246.0)	(51, 5299.0)	(52, 6984.0)	(53, 11748.0)	(54, 24144.0)	(55, 91643.0)	(56, 385723.0)	(57, 1156593.0)	(58, 3707729.0)	(59, 10288061.0)
Q3-RNA-BS-030325_S1_L001_R1_001	(35, 306653.0)	(36, 145.0)	(37, 129.0)	(38, 150.0)	(39, 142.0)	(40, 180.0)	(41, 145.0)	(42, 205.0)	(43, 217.0)	(44, 239.0)	(45, 220.0)	(46, 286.0)	(47, 322.0)	(48, 494.0)	(49, 1038.0)	(50, 576.0)	(51, 1663.0)	(52, 3180.0)	(53, 7836.0)	(54, 20306.0)	(55, 86204.0)	(56, 381781.0)	(57, 1165340.0)	(58, 3678597.0)	(59, 10719112.0)																		
Q3-RNA-BS-030325_S1_L001_R2	(17, 6386.0)	(18, 5892.0)	(19, 6577.0)	(20, 6897.0)	(21, 8528.0)	(22, 9998.0)	(23, 12497.0)	(24, 11939.0)	(25, 12549.0)	(26, 10662.0)	(27, 10350.0)	(28, 7158.0)	(29, 5291.0)	(30, 6607.0)	(31, 6505.0)	(32, 5840.0)	(33, 8308.0)	(34, 7587.0)	(35, 6861.0)	(36, 8319.0)	(37, 9714.0)	(38, 13051.0)	(39, 11316.0)	(40, 8040.0)	(41, 4731.0)	(42, 5237.0)	(43, 4742.0)	(44, 4885.0)	(45, 5004.0)	(46, 4782.0)	(47, 4965.0)	(48, 5182.0)	(49, 5780.0)	(50, 4986.0)	(51, 5913.0)	(52, 7448.0)	(53, 12482.0)	(54, 28226.0)	(55, 126990.0)	(56, 440037.0)	(57, 1249602.0)	(58, 3899967.0)	(59, 9750032.0)
Q3-RNA-BS-030325_S1_L001_R2_001	(35, 326635.0)	(36, 288.0)	(37, 664.0)	(38, 3869.0)	(39, 16942.0)	(40, 175.0)	(41, 137.0)	(42, 196.0)	(43, 215.0)	(44, 236.0)	(45, 218.0)	(46, 293.0)	(47, 336.0)	(48, 521.0)	(49, 1095.0)	(50, 623.0)	(51, 1714.0)	(52, 3208.0)	(53, 8136.0)	(54, 23417.0)	(55, 112015.0)	(56, 433124.0)	(57, 1223743.0)	(58, 3894226.0)	(59, 10323134.0)																		
Q3-RNA-BS-030325_S53_L001_R1	(17, 2644.0)	(18, 2516.0)	(19, 2485.0)	(20, 2443.0)	(21, 2364.0)	(22, 2334.0)	(23, 2494.0)	(24, 2991.0)	(25, 4167.0)	(26, 3856.0)	(27, 4466.0)	(28, 5123.0)	(29, 5360.0)	(30, 6384.0)	(31, 6113.0)	(32, 6744.0)	(33, 7291.0)	(34, 7688.0)	(35, 6851.0)	(36, 6898.0)	(37, 7042.0)	(38, 7050.0)	(39, 7282.0)	(40, 7208.0)	(41, 7581.0)	(42, 8026.0)	(43, 8187.0)	(44, 7324.0)	(45, 7528.0)	(46, 8048.0)	(47, 7613.0)	(48, 7506.0)	(49, 8665.0)	(50, 7983.0)	(51, 10517.0)	(52, 13346.0)	(53, 24001.0)	(54, 51198.0)	(55, 198625.0)	(56, 873491.0)	(57, 2669519.0)	(58, 8676634.0)	(59, 24878098.0)
Q3-RNA-BS-030325_S53_L001_R1_001	(35, 437245.0)	(36, 108.0)	(37, 78.0)	(38, 139.0)	(39, 131.0)	(40, 126.0)	(41, 131.0)	(42, 196.0)	(43, 176.0)	(44, 204.0)	(45, 201.0)	(46, 298.0)	(47, 316.0)	(48, 692.0)	(49, 1914.0)	(50, 662.0)	(51, 3300.0)	(52, 6478.0)	(53, 16713.0)	(54, 43927.0)	(55, 191891.0)	(56, 873724.0)	(57, 2687912.0)	(58, 8857351.0)	(59, 25567683.0)																		
Q3-RNA-BS-030325_S53_L001_R2	(17, 13794.0)	(18, 13143.0)	(19, 13302.0)	(20, 12891.0)	(21, 12855.0)	(22, 12635.0)	(23, 12591.0)	(24, 12319.0)	(25, 12037.0)	(26, 11322.0)	(27, 11082.0)	(28, 10538.0)	(29, 10404.0)	(30, 10041.0)	(31, 10434.0)	(32, 10059.0)	(33, 10424.0)	(34, 10232.0)	(35, 10372.0)	(36, 10313.0)	(37, 10674.0)	(38, 10718.0)	(39, 11048.0)	(40, 10808.0)	(41, 10852.0)	(42, 10697.0)	(43, 11050.0)	(44, 10794.0)	(45, 10748.0)	(46, 10945.0)	(47, 10864.0)	(48, 11491.0)	(49, 12593.0)	(50, 11152.0)	(51, 13572.0)	(52, 15763.0)	(53, 25101.0)	(54, 57780.0)	(55, 242436.0)	(56, 968026.0)	(57, 2753165.0)	(58, 9289698.0)	(59, 23842921.0)
Q3-RNA-BS-030325_S53_L001_R2_001	(35, 438816.0)	(36, 108.0)	(37, 79.0)	(38, 142.0)	(39, 134.0)	(40, 123.0)	(41, 134.0)	(42, 188.0)	(43, 174.0)	(44, 204.0)	(45, 190.0)	(46, 274.0)	(47, 363.0)	(48, 785.0)	(49, 2344.0)	(50, 805.0)	(51, 3386.0)	(52, 5865.0)	(53, 14870.0)	(54, 47436.0)	(55, 231498.0)	(56, 963160.0)	(57, 2758186.0)	(58, 9455293.0)	(59, 24767039.0)																		
